<<PMCA SPECTRUM>>
TAG - live_data
DESCRIPTION - 
GAIN - 5
THRESHOLD - 0
LIVE_MODE - 0
PRESET_TIME - 0
LIVE_TIME - 6.329520
REAL_TIME - 35.400000
START_TIME - 03/07/2018 15:37:20
SERIAL_NUMBER - 0
<<CALIBRATION>>
LABEL - keV
809.65 3.66
810.98 3.66
1816.99 8.05
2012.04 8.9
2012.55 8.9
2393.16 10.55
2393.61 10.55
2862.68 12.612
2862.87 12.612
5717.27 25.27
5718.07 25.27
6460.66 28.48
6462.08 28.48
<<ROI>>
592 1088
5559 5887
6373 6553
<<DATA>>
0
0
0
0
0
0
0
0
0
0
0
0
0
0
0
0
0
0
0
0
0
0
0
0
0
0
0
0
0
0
0
0
0
0
0
0
0
0
0
0
0
0
0
0
0
0
0
0
0
0
0
0
0
0
0
0
0
90
93
84
86
87
63
65
51
48
67
47
41
39
37
35
27
28
33
25
21
36
24
26
16
20
19
30
12
23
15
20
14
22
10
20
17
23
16
15
9
9
17
16
13
16
8
13
15
12
8
11
10
14
13
7
8
10
12
9
8
10
14
14
11
11
9
13
8
8
11
13
17
12
16
14
18
8
13
12
14
13
7
9
12
8
8
14
16
9
15
15
9
9
5
11
9
11
10
9
13
12
15
10
7
7
10
9
12
10
8
9
15
15
7
12
8
3
12
12
8
8
15
13
10
15
7
10
8
6
13
13
10
5
9
14
19
7
7
12
9
9
15
6
9
15
12
9
10
6
13
13
8
9
16
13
9
12
6
9
6
8
9
8
11
8
8
9
8
10
9
10
3
12
8
8
5
10
16
12
6
6
10
8
5
9
8
11
5
4
6
6
6
4
11
5
5
10
4
2
3
6
9
7
9
2
11
8
7
11
5
10
6
12
6
9
5
8
14
8
3
8
8
7
3
9
11
7
9
7
11
10
5
12
7
5
7
8
6
3
6
5
4
8
8
10
2
10
6
6
5
10
3
2
3
3
5
2
7
6
5
6
7
4
10
7
4
6
9
2
8
5
8
3
9
7
6
9
10
14
10
8
7
12
8
8
8
4
8
5
12
8
4
7
10
3
4
9
9
4
6
5
10
2
7
5
9
10
5
5
8
11
7
10
7
9
9
13
6
6
10
12
13
7
6
8
6
9
10
14
10
19
10
11
16
8
16
6
10
5
8
8
8
6
11
14
13
11
5
7
6
13
9
4
6
7
9
6
18
7
10
6
8
10
16
6
8
11
12
11
6
10
10
14
7
6
9
12
15
9
14
14
11
10
7
12
15
11
11
14
11
14
7
11
7
16
10
7
5
11
7
12
15
13
8
11
12
9
9
5
8
13
3
5
7
12
6
8
8
8
10
6
3
8
5
12
12
6
5
6
10
8
9
12
13
6
6
6
5
8
8
10
9
8
7
9
9
5
3
15
9
14
9
5
5
10
10
11
11
4
7
6
10
12
7
14
1
15
8
7
7
6
8
8
16
5
13
10
11
6
4
8
8
12
10
5
10
6
7
8
6
12
6
5
7
19
9
8
3
9
9
9
7
7
5
8
4
6
7
8
4
9
12
11
7
5
3
10
8
6
5
5
7
6
7
8
11
10
10
7
9
6
13
9
6
13
5
5
13
9
9
7
8
10
9
10
4
10
10
12
7
5
5
9
6
4
11
10
10
7
8
7
10
12
2
10
8
4
10
6
6
7
8
13
9
13
7
6
12
12
6
7
5
7
9
14
12
6
12
10
19
17
17
14
27
21
18
19
27
30
24
29
39
28
41
37
50
44
55
56
68
56
60
76
59
75
79
104
76
61
77
75
85
72
81
107
89
84
100
108
78
73
77
98
75
79
88
90
82
69
60
63
54
63
84
49
41
67
46
50
41
57
42
38
52
48
32
35
48
38
51
43
42
39
37
45
29
39
38
38
51
33
39
48
46
32
34
38
43
40
38
50
47
47
51
45
37
46
43
47
51
56
52
49
58
80
64
76
86
117
91
92
138
140
156
151
185
173
226
243
238
250
294
307
340
382
381
432
457
481
516
475
593
542
561
590
599
624
669
686
643
642
649
685
606
678
683
523
567
528
546
500
451
465
409
409
354
396
340
303
254
303
275
248
261
220
245
227
246
208
230
256
231
243
255
291
258
293
316
290
361
311
370
352
390
354
420
428
392
424
397
453
402
402
428
454
441
395
449
406
420
365
416
402
368
347
327
329
280
281
286
297
263
253
258
225
232
230
218
180
209
196
141
172
150
138
146
148
144
124
108
124
130
98
131
97
118
135
122
112
105
117
136
117
113
129
132
98
103
120
105
90
110
118
90
89
92
87
93
90
63
72
66
61
44
47
51
56
44
34
37
45
32
22
34
31
27
33
19
26
32
24
30
31
36
31
27
40
24
26
35
29
28
29
33
33
34
30
29
29
36
30
32
32
29
25
31
31
21
25
21
13
14
23
19
9
14
16
16
9
15
12
4
14
6
15
13
18
13
13
12
10
10
10
9
7
13
11
18
20
17
20
8
14
28
19
25
22
14
19
16
14
16
17
13
16
21
14
18
14
11
14
21
10
10
10
10
10
16
7
9
9
7
11
7
5
6
4
12
2
7
7
9
5
1
9
4
6
1
4
3
3
4
3
2
2
4
7
2
7
6
2
4
4
2
4
3
2
2
5
2
3
2
1
8
5
2
3
2
5
6
7
3
6
6
4
9
5
4
3
10
3
7
6
11
9
6
11
3
1
0
5
1
7
4
2
3
4
5
2
1
3
5
3
3
5
5
1
5
5
2
3
2
4
0
3
3
2
3
2
5
1
0
0
4
3
2
5
4
1
1
0
2
0
5
4
2
2
0
4
0
3
2
2
4
0
1
0
3
2
3
1
3
3
1
1
1
1
4
5
3
0
2
3
1
2
2
1
6
5
2
5
2
4
2
4
0
3
3
2
2
1
2
1
5
4
4
1
5
1
3
6
6
4
4
7
8
8
3
6
3
5
4
8
1
4
2
2
5
1
4
3
6
6
1
7
6
6
5
3
2
1
2
2
1
3
7
2
3
5
3
6
2
1
0
4
2
5
3
4
4
1
3
2
3
4
3
2
1
4
3
3
1
4
4
6
3
2
4
2
3
1
2
3
5
4
6
4
1
8
3
8
2
5
3
1
1
6
11
7
10
8
8
5
4
6
9
10
5
9
4
6
12
5
9
11
6
10
7
12
8
3
8
6
9
7
6
7
4
3
2
7
7
5
9
8
6
2
6
4
8
4
3
2
4
3
3
6
5
6
7
5
3
5
8
1
5
2
3
5
8
6
3
1
4
0
0
6
1
0
3
1
3
7
3
1
2
2
1
4
5
6
1
5
4
4
1
2
4
4
5
5
0
5
2
4
2
1
4
2
1
0
2
4
4
4
3
6
2
6
4
11
4
5
4
3
2
2
5
6
2
3
4
7
4
2
4
10
2
5
5
5
2
5
3
2
2
3
1
3
4
4
5
4
2
2
2
2
3
5
4
6
9
0
4
6
7
6
4
3
6
4
3
3
5
3
4
3
6
8
6
3
4
4
5
6
4
10
5
6
6
6
5
6
10
3
8
5
8
4
11
5
4
5
5
7
7
7
10
5
10
9
3
7
6
3
9
10
7
9
3
5
3
3
5
7
10
11
10
8
6
10
6
5
5
6
7
4
7
11
7
8
8
6
7
5
8
8
7
3
5
4
6
2
3
9
4
7
3
4
12
4
2
4
6
2
3
5
5
4
1
4
3
10
4
2
3
3
4
1
3
4
4
3
2
3
1
2
6
5
8
3
3
3
3
1
4
3
7
4
5
4
8
4
2
5
5
5
3
5
2
3
4
4
2
3
6
7
3
4
5
3
6
10
8
1
4
4
5
7
3
4
12
3
2
3
4
4
5
5
3
4
6
6
2
3
1
5
3
3
6
6
8
5
6
5
6
7
5
2
5
5
7
3
6
1
6
8
4
9
2
8
7
7
5
6
5
2
4
4
4
3
6
4
4
3
4
4
3
3
6
6
6
10
7
10
8
2
8
5
7
9
1
10
5
5
4
4
6
9
6
9
6
5
8
6
10
8
7
3
8
8
8
11
5
2
6
11
10
14
11
7
10
6
9
8
9
6
7
4
9
6
7
6
7
3
10
7
7
11
5
6
6
5
6
8
6
8
5
9
8
6
3
4
8
5
4
5
5
7
3
5
6
7
5
8
4
4
8
7
2
6
7
2
10
5
5
5
3
6
1
3
3
5
5
1
7
4
7
3
3
5
6
6
4
6
6
1
4
5
8
7
10
6
5
5
5
6
4
3
8
5
6
7
5
7
6
8
11
9
12
10
15
8
9
11
15
8
9
8
9
6
10
11
12
10
11
21
11
14
10
12
4
11
11
18
14
24
8
17
11
16
8
18
18
19
22
12
18
10
8
17
11
23
14
16
8
10
11
9
15
10
17
13
12
11
14
10
4
18
13
8
8
6
8
6
2
8
9
6
5
5
5
5
6
9
3
3
2
4
5
1
10
7
4
5
7
4
4
3
5
7
5
7
6
3
7
2
4
4
1
5
7
4
6
10
10
6
4
3
3
3
5
0
9
4
2
3
5
4
5
4
5
4
3
2
5
5
4
5
8
8
2
5
5
10
3
4
4
8
2
8
4
4
3
5
4
4
12
10
8
12
3
9
11
9
11
7
7
8
14
12
10
7
7
9
7
4
9
12
8
5
10
8
6
15
7
2
5
7
9
8
9
5
9
9
13
6
10
5
11
5
6
12
6
4
4
6
6
6
7
3
8
8
8
5
7
3
5
4
2
7
10
3
4
8
4
2
9
6
4
8
5
7
3
8
9
9
6
5
7
4
4
6
9
7
4
5
5
12
4
8
10
4
6
3
3
9
6
6
11
7
5
4
6
6
9
4
5
5
3
12
8
7
3
6
13
7
8
4
4
6
7
9
7
3
5
5
6
3
12
9
5
1
3
1
7
8
3
9
5
11
5
6
4
6
11
6
5
4
10
12
6
9
4
5
8
9
10
7
5
6
10
6
10
5
8
9
5
6
9
8
10
7
8
9
8
10
4
7
9
5
6
9
3
6
4
4
4
2
4
6
7
3
6
11
5
9
8
10
7
9
7
6
4
8
1
7
6
5
2
9
5
3
6
6
3
13
7
7
7
7
5
6
7
4
2
4
6
11
2
3
1
6
6
9
9
5
1
11
1
8
5
7
2
9
6
6
10
10
9
8
8
11
6
7
3
10
8
6
5
5
7
3
8
4
7
7
7
7
5
7
5
4
5
6
5
7
6
9
9
9
7
7
8
5
9
5
5
8
4
11
4
15
6
7
6
7
12
8
6
7
5
8
4
7
6
8
4
3
4
9
4
11
5
5
6
11
5
8
7
12
9
4
7
5
7
7
11
5
7
5
7
6
5
7
5
5
5
9
5
4
1
5
5
7
4
10
6
7
8
8
5
7
5
5
4
5
4
4
5
5
7
5
4
3
7
4
5
9
9
5
3
6
6
8
3
5
6
5
5
4
5
5
4
5
5
8
10
6
6
5
11
5
9
8
4
9
6
4
7
4
9
5
10
4
4
5
5
3
8
12
7
3
11
10
14
7
11
8
7
10
9
13
8
7
4
7
6
7
4
6
10
15
7
12
15
9
10
11
10
12
11
12
12
9
15
13
13
9
13
7
10
11
12
10
17
13
9
12
10
7
11
7
13
14
11
12
14
7
9
12
9
8
10
6
9
4
9
7
8
9
13
9
6
9
5
12
11
7
10
11
11
8
6
6
8
6
7
5
7
6
1
10
7
5
8
5
8
7
9
6
7
7
8
13
7
8
7
10
7
5
5
7
7
6
5
3
8
5
7
8
2
2
9
8
10
9
4
7
4
9
4
9
6
6
6
2
3
7
5
6
6
1
4
3
5
7
7
6
6
9
5
9
7
9
7
5
11
6
4
8
5
4
5
3
6
6
7
7
4
10
5
6
7
7
6
3
4
12
2
8
9
3
7
8
8
5
12
3
4
9
6
5
8
10
8
6
4
5
8
18
5
9
10
6
10
11
2
10
11
5
7
8
9
6
8
6
4
6
0
5
7
6
8
4
6
7
6
3
4
6
7
9
6
2
5
5
3
7
6
2
10
8
5
9
3
13
5
7
3
6
4
2
4
6
2
11
4
3
6
12
5
7
3
6
4
7
5
10
10
5
3
2
6
3
9
8
1
3
7
5
2
11
1
5
6
7
7
3
9
10
8
3
8
6
6
6
6
5
1
9
11
1
8
8
4
8
4
4
7
3
6
6
8
10
5
8
3
7
6
5
4
4
7
5
5
3
6
7
6
11
6
7
7
7
8
10
6
5
6
5
6
11
7
7
2
7
10
4
6
6
5
6
6
5
9
9
4
5
3
7
6
14
13
3
7
8
2
6
9
2
11
8
5
7
6
11
8
5
4
8
5
3
6
7
8
6
6
5
8
8
7
8
8
6
6
6
5
9
4
6
10
4
7
7
7
6
5
6
4
8
5
3
10
7
7
4
6
3
4
4
7
5
9
3
4
8
5
6
3
6
7
7
2
16
3
9
8
7
1
7
7
7
4
5
3
4
2
10
10
2
4
7
7
4
6
1
4
7
4
8
8
8
3
5
7
14
8
5
5
7
8
8
8
10
7
4
5
9
7
5
7
6
10
7
9
13
11
12
10
10
5
9
9
10
5
0
8
3
6
8
4
14
11
11
6
6
8
10
10
10
15
5
10
3
10
8
9
8
10
12
11
5
11
11
3
9
10
6
8
14
11
10
6
18
8
4
5
7
6
12
6
8
11
8
4
4
6
8
8
5
6
6
13
12
9
5
6
6
3
10
6
5
5
5
7
11
4
9
6
11
6
3
7
0
4
9
7
11
5
3
5
7
7
8
6
5
4
1
4
5
5
4
8
5
4
9
8
6
10
7
8
9
6
3
5
3
4
6
8
8
5
6
5
8
2
9
7
3
8
4
6
7
7
7
11
3
8
5
6
5
5
6
7
9
6
8
6
5
6
8
6
6
1
6
5
4
6
1
5
6
7
2
4
8
6
8
8
3
5
7
10
6
6
1
8
2
9
6
4
4
11
5
3
3
5
3
3
4
7
4
10
8
7
3
6
6
6
5
7
7
4
7
1
4
4
3
4
6
9
9
3
7
4
4
11
11
3
9
5
2
5
5
8
9
5
7
6
5
4
5
4
5
3
3
6
3
6
5
4
8
6
4
4
7
8
7
6
3
6
7
3
7
2
7
5
8
5
3
5
6
9
3
4
12
6
2
7
4
13
6
5
5
6
11
12
5
3
3
5
7
9
5
6
6
7
6
6
10
6
5
6
7
5
3
3
6
5
3
7
2
5
7
4
8
6
6
4
9
5
5
5
5
6
5
2
3
6
3
5
3
4
5
6
7
7
2
6
9
6
7
6
4
3
7
3
6
6
4
6
3
7
9
6
3
1
1
5
6
5
8
3
3
3
6
5
4
6
2
9
8
3
9
13
4
3
4
5
6
7
6
4
7
4
2
3
6
2
3
7
1
7
5
6
4
2
7
4
6
4
5
7
5
8
7
3
3
8
4
5
6
4
6
5
5
6
9
7
4
1
7
7
11
4
2
8
5
10
7
3
4
5
2
9
10
7
7
4
9
7
8
4
7
5
5
9
4
6
5
3
3
4
5
10
7
7
9
5
8
3
3
7
6
5
4
6
9
5
8
4
10
11
7
8
5
3
4
5
3
8
2
5
5
4
6
2
8
8
7
4
5
5
6
6
6
2
5
4
4
4
2
6
9
11
12
7
6
3
12
9
4
7
2
5
4
7
6
5
7
11
4
14
3
3
7
7
6
8
5
8
6
4
10
2
4
6
10
6
3
5
5
7
7
13
8
10
6
4
5
4
2
4
4
3
11
4
2
5
4
6
4
5
5
7
1
5
7
3
5
8
3
3
5
8
5
4
8
1
6
9
4
4
7
8
5
4
5
3
4
4
8
6
3
5
6
7
4
5
5
7
5
6
5
4
4
7
5
5
5
3
3
5
5
7
4
5
4
9
6
8
4
3
4
6
6
4
4
4
4
3
3
7
4
6
5
4
3
6
3
4
8
5
6
8
11
4
2
5
5
7
7
8
7
5
6
4
3
3
7
7
3
5
7
6
3
1
8
5
2
3
7
7
4
4
5
3
3
6
1
4
5
3
6
1
3
6
9
4
2
4
6
9
7
8
2
5
8
6
8
4
4
3
5
6
4
6
5
5
6
6
5
4
9
3
8
10
10
7
4
2
4
8
4
3
8
4
5
8
6
5
7
8
9
6
4
4
6
1
5
8
13
6
2
5
5
6
1
4
5
5
5
1
4
7
8
3
5
6
7
5
5
5
2
6
8
4
11
7
3
5
3
5
3
6
1
9
5
3
6
3
4
3
9
6
5
5
5
5
3
7
2
5
5
8
5
7
6
3
4
3
5
5
6
5
4
5
4
3
4
6
7
5
5
6
3
7
4
3
3
4
3
2
5
3
7
3
1
4
3
6
6
7
2
5
4
4
7
6
5
3
8
3
7
1
4
1
5
3
5
3
4
4
5
4
7
2
5
8
7
5
3
4
4
9
10
2
6
6
6
3
4
3
3
6
7
4
7
4
5
6
5
3
5
4
2
5
7
6
3
4
4
4
4
3
5
3
4
5
6
6
5
3
3
4
3
4
1
5
6
6
7
4
2
3
4
7
3
3
3
3
7
3
4
3
3
2
3
6
10
5
4
2
6
6
5
5
5
6
5
5
10
6
7
2
3
4
4
4
2
2
6
5
4
5
7
5
2
5
5
0
5
2
8
3
7
6
7
4
4
5
1
9
6
8
4
7
6
5
2
4
4
3
7
6
2
7
3
3
4
3
4
3
4
3
4
4
5
6
6
8
4
6
4
7
2
6
5
2
7
2
4
3
7
4
5
4
4
4
2
5
4
5
4
4
4
3
3
3
2
8
3
7
6
2
5
2
3
3
3
5
4
8
3
5
2
2
5
5
4
3
6
3
3
10
3
4
3
2
3
3
2
2
4
2
6
6
6
3
3
5
3
3
7
3
6
4
6
4
3
3
7
6
2
5
3
2
4
5
2
6
4
3
2
2
3
6
4
5
4
11
2
6
1
4
6
4
4
5
7
5
9
8
7
5
4
4
4
1
7
6
4
4
3
8
3
3
4
1
7
2
1
6
3
6
3
5
1
4
4
8
2
1
5
5
3
4
4
3
7
0
2
3
6
3
2
2
4
3
8
3
8
6
5
4
3
1
3
3
7
4
5
3
1
2
6
1
5
5
2
2
5
4
3
2
7
2
2
7
4
5
6
2
3
4
2
6
3
4
5
4
6
6
5
3
4
3
3
4
4
0
5
6
6
5
3
4
1
4
4
2
2
4
2
2
6
6
2
6
4
1
4
2
2
2
3
1
8
2
4
5
4
6
3
4
3
4
1
2
3
2
2
4
3
2
3
4
4
3
2
3
6
5
5
5
3
6
3
3
3
3
6
7
3
6
3
3
3
4
2
5
3
4
5
3
5
4
6
7
0
3
2
2
3
6
0
9
5
4
3
5
2
6
6
2
10
4
5
3
2
4
6
3
2
5
3
4
2
6
9
4
3
2
6
3
3
4
7
5
2
4
4
5
3
4
4
0
1
2
3
2
3
2
2
3
3
3
4
2
5
2
6
1
1
3
0
4
5
3
5
5
6
5
3
3
3
0
5
4
4
0
1
2
0
6
4
4
2
3
2
4
5
2
5
4
5
3
8
0
6
4
5
4
2
3
0
4
4
2
6
3
8
2
4
6
6
1
2
0
2
6
6
7
4
7
8
6
3
5
1
3
2
4
2
8
3
3
3
4
1
2
3
3
5
2
4
5
6
6
5
5
5
2
4
2
6
1
7
6
4
6
2
2
4
4
4
4
2
4
4
5
1
1
1
3
6
5
6
3
4
3
7
7
2
4
5
5
2
2
6
4
5
5
6
2
9
3
2
3
2
3
3
3
2
3
7
4
2
6
5
3
2
2
6
2
3
2
3
2
5
2
0
6
0
2
4
1
5
4
3
5
4
4
5
3
4
4
2
3
4
2
2
5
3
2
1
5
7
8
7
6
5
2
0
3
4
2
3
3
5
4
4
4
7
4
4
3
2
5
6
2
0
5
3
3
1
4
4
6
2
2
6
2
1
5
6
4
3
3
4
3
2
1
4
4
3
4
1
5
2
6
6
5
3
6
7
4
5
4
2
2
0
1
6
2
1
5
1
5
4
3
1
4
2
2
8
3
4
2
3
4
3
4
6
3
4
5
5
5
1
5
2
3
3
2
7
3
2
4
2
5
2
3
4
1
1
2
7
2
5
5
3
4
3
2
3
7
4
3
4
1
3
1
6
5
4
1
4
6
7
2
7
3
7
4
7
4
4
9
7
3
6
4
3
6
2
4
3
2
5
5
4
4
6
5
3
7
5
4
6
1
5
4
5
3
2
2
1
7
4
8
4
3
2
9
3
6
5
5
3
6
5
7
5
4
3
4
1
4
2
3
4
4
4
5
3
5
6
5
5
4
3
0
3
2
9
4
6
1
5
5
3
7
3
3
9
3
6
4
1
1
2
3
3
6
5
3
5
2
4
4
2
5
5
4
8
1
2
7
9
9
4
4
5
4
1
2
9
4
10
6
4
4
4
4
5
3
5
7
2
6
9
3
9
1
4
8
2
2
3
3
6
3
3
4
4
7
5
4
3
5
6
8
5
8
3
3
8
6
4
4
10
8
6
4
5
7
5
3
3
3
4
5
4
4
4
3
6
7
4
2
4
6
5
4
2
5
3
7
4
6
8
5
1
5
5
7
8
5
8
4
7
3
5
7
5
8
5
4
6
7
6
5
7
2
2
4
6
5
7
6
5
4
4
8
4
2
6
3
2
6
5
8
4
6
2
0
8
5
5
5
1
5
5
3
2
3
5
5
4
6
5
6
5
4
7
6
4
3
4
4
3
5
8
4
4
6
4
3
6
3
6
7
5
3
2
3
5
3
4
3
2
2
5
3
4
7
3
3
5
5
3
5
8
4
4
5
4
2
5
4
3
5
5
3
4
4
6
8
2
5
3
4
5
6
6
3
2
5
3
5
1
7
4
6
4
3
6
2
3
3
6
4
4
4
2
2
4
4
7
5
1
5
5
2
4
5
3
2
5
4
3
7
3
4
6
3
5
2
4
3
3
2
1
5
3
5
2
2
1
2
4
4
3
3
3
6
3
1
3
1
2
0
4
6
4
0
3
2
5
1
5
9
3
4
4
0
4
5
6
4
2
4
3
3
6
2
4
1
3
9
4
1
3
4
6
7
3
3
1
1
4
10
1
2
1
5
5
5
4
1
3
1
1
2
1
6
2
4
1
2
4
6
7
10
5
5
4
4
7
7
7
5
7
1
3
6
3
10
10
6
16
3
10
7
13
9
8
8
11
10
15
11
12
15
8
5
13
11
11
14
11
6
18
13
14
7
11
16
7
20
17
15
15
20
14
13
11
23
23
20
9
12
18
12
18
20
17
23
14
9
13
14
11
17
15
18
23
16
7
13
19
20
14
16
11
28
18
13
11
13
17
9
15
14
7
14
17
12
11
13
12
20
12
11
9
8
17
7
13
12
10
9
8
8
6
10
8
6
6
11
10
8
9
5
4
6
4
3
7
3
5
7
8
7
6
3
5
5
3
1
3
5
5
5
3
1
7
3
7
3
2
3
4
6
5
4
7
2
5
1
5
6
5
4
5
4
2
11
2
5
3
1
2
3
3
3
3
2
3
3
4
7
7
6
3
8
6
7
3
2
1
5
2
6
5
2
2
4
1
6
8
3
5
6
1
6
5
5
4
7
2
2
4
9
1
5
4
0
10
5
3
5
7
5
8
3
2
5
3
4
7
9
3
3
4
5
3
1
5
4
8
5
5
0
6
6
6
6
4
5
1
7
3
3
8
2
2
6
7
3
4
6
6
4
4
10
4
5
4
5
5
5
11
9
7
6
9
7
6
7
5
7
5
8
7
1
4
6
8
5
6
7
3
4
4
7
6
8
4
4
8
5
5
6
4
6
5
7
2
10
11
7
8
6
10
7
8
11
2
4
8
1
9
10
11
3
6
8
6
6
6
9
10
4
2
4
5
3
8
5
6
7
7
10
2
9
9
6
10
4
8
5
7
7
8
2
5
5
7
6
5
8
9
7
6
6
7
10
6
7
5
8
9
9
7
6
3
10
8
3
6
2
10
10
1
7
10
6
6
10
6
3
3
8
11
6
6
5
5
6
6
4
5
6
7
9
4
8
6
3
4
5
10
2
7
5
7
11
9
8
10
10
4
5
9
2
4
5
6
2
3
5
7
14
7
6
5
9
6
6
7
5
5
6
4
9
5
5
2
6
6
5
3
5
7
4
6
6
9
6
6
7
5
5
9
9
10
5
4
2
10
5
6
9
2
7
7
1
7
5
5
3
4
6
3
8
4
4
9
4
6
5
9
6
5
4
5
3
6
10
4
8
9
6
9
7
6
4
4
7
6
4
4
11
6
5
2
1
4
3
6
4
5
6
7
4
6
7
0
4
0
7
2
6
4
10
7
4
2
2
4
5
6
6
7
6
3
6
3
5
3
7
1
7
5
1
1
3
3
7
7
5
7
10
7
4
3
5
3
7
4
4
4
3
3
5
6
5
6
4
5
6
8
7
10
5
4
4
3
6
3
7
4
6
6
7
3
5
8
4
5
3
5
7
5
4
6
4
5
5
10
3
5
3
2
4
6
4
6
4
7
3
5
3
4
4
3
5
3
3
5
8
4
9
4
4
6
7
8
6
7
3
4
8
13
3
8
12
9
3
2
4
6
13
7
9
6
4
13
7
14
11
10
12
6
11
14
15
18
14
19
27
16
26
26
26
24
30
34
37
36
49
43
30
40
42
57
54
65
62
65
71
83
87
82
75
86
95
109
118
97
121
141
122
138
133
166
159
190
160
165
188
192
195
199
210
200
218
265
262
274
272
270
263
290
270
262
317
309
298
311
329
314
352
286
345
385
354
363
350
398
391
418
409
392
406
417
435
410
439
416
449
441
425
479
446
471
449
504
469
473
491
471
513
480
474
520
586
552
519
583
550
544
562
584
545
607
535
551
569
536
572
551
572
554
539
623
524
585
598
529
536
580
556
515
572
518
531
497
532
510
492
486
475
507
437
430
437
400
411
389
394
334
357
329
314
305
315
347
252
305
242
266
228
238
185
190
204
183
181
154
149
141
149
148
129
112
106
105
87
108
81
78
63
83
60
56
41
55
48
48
31
45
41
42
38
36
28
28
15
16
20
22
13
13
16
8
16
18
16
15
7
11
11
12
11
12
7
2
11
3
10
6
7
4
8
5
5
3
4
7
9
5
2
3
4
4
2
2
3
4
3
4
3
8
0
4
4
7
1
8
8
7
8
3
3
3
8
4
4
6
5
4
2
2
3
3
3
1
0
5
4
10
3
9
6
1
3
1
1
3
0
3
2
1
2
2
7
2
3
3
5
6
3
3
4
4
3
1
3
3
2
3
4
1
4
1
0
1
1
3
2
2
4
0
2
2
2
3
2
2
2
3
3
3
5
2
4
1
1
2
2
1
1
2
2
0
3
2
1
1
2
2
2
2
5
2
2
3
4
2
3
3
0
3
5
2
2
0
4
1
5
2
2
4
2
2
3
7
3
1
1
1
3
0
7
3
3
2
3
4
4
3
1
3
3
2
3
3
3
1
2
1
1
2
1
1
5
1
1
0
6
2
2
1
2
0
1
4
1
1
2
0
2
1
6
3
2
3
4
2
2
1
2
7
1
2
1
2
0
2
1
2
2
3
6
1
2
2
3
2
4
2
3
4
2
2
2
2
1
4
0
1
3
2
1
1
3
1
1
2
1
2
2
1
1
2
3
0
2
2
3
1
1
1
1
1
0
3
3
3
2
1
6
1
0
1
1
0
1
4
3
0
4
1
3
1
3
2
2
2
4
4
1
1
3
2
4
2
1
1
0
3
2
0
1
0
2
3
5
2
1
3
1
1
2
2
3
2
0
1
1
0
2
0
0
3
1
1
0
1
2
0
0
2
1
1
1
3
1
3
2
0
2
1
2
1
1
4
1
2
1
1
0
1
0
0
0
1
1
2
1
3
3
0
1
0
2
3
2
1
0
2
1
2
2
1
0
2
3
0
1
2
1
2
4
1
2
3
2
0
1
2
0
0
0
1
1
3
1
0
2
4
0
1
2
0
2
2
1
1
1
3
2
2
2
2
1
1
1
3
1
1
0
0
2
2
1
0
1
3
5
1
2
0
1
1
4
2
1
1
0
2
0
1
5
2
1
2
1
2
3
1
0
2
1
3
0
3
3
2
1
3
3
2
2
1
2
0
0
1
1
2
1
2
4
0
2
2
2
3
3
3
2
2
4
3
4
2
2
0
3
1
2
2
2
4
2
2
2
3
1
2
2
0
1
4
3
0
1
3
1
0
0
1
0
3
1
3
3
0
2
2
5
2
1
2
3
2
6
0
4
0
1
1
3
0
0
0
3
3
2
2
0
1
2
3
2
0
2
1
5
2
6
2
5
4
3
4
1
3
5
6
4
4
4
6
7
7
3
3
5
5
6
5
4
12
12
10
7
12
10
10
9
14
14
9
16
20
12
23
29
19
30
26
28
30
22
41
32
42
36
50
35
46
30
43
44
48
43
38
51
62
49
56
57
67
64
65
60
69
79
76
88
94
90
91
83
93
107
101
107
87
94
104
94
87
95
111
101
116
111
103
93
89
117
108
123
108
102
92
99
105
102
105
90
93
102
92
97
90
77
94
94
97
91
101
52
93
84
71
64
82
65
60
66
52
48
51
56
45
48
49
45
35
38
47
43
43
36
43
31
35
31
34
29
26
15
26
19
15
16
24
11
20
14
11
14
14
14
13
9
6
7
13
4
11
5
12
8
7
7
6
6
5
13
12
7
7
11
5
6
5
5
10
8
6
8
8
10
13
9
7
7
7
6
9
11
11
6
12
11
9
6
17
11
9
16
16
21
14
10
16
18
15
18
11
7
10
29
16
19
26
23
15
16
28
20
24
27
21
28
18
18
22
17
20
19
18
22
13
15
20
17
11
17
15
26
15
17
15
18
14
30
14
13
9
20
17
8
14
19
12
11
8
18
14
11
17
9
13
13
14
9
12
7
11
8
11
5
9
8
5
4
3
8
7
3
4
7
3
2
6
3
6
7
1
3
1
3
0
3
1
0
0
2
2
4
2
0
2
1
1
1
1
0
0
4
3
3
2
0
1
2
0
0
0
1
0
0
2
0
0
0
0
0
0
0
0
0
1
0
0
1
0
0
0
0
0
0
1
0
0
0
1
0
0
0
0
0
1
1
1
0
0
1
0
1
0
0
1
0
1
0
1
2
1
0
0
0
0
0
2
0
1
1
0
2
1
1
0
0
0
0
0
0
0
0
1
0
1
0
0
1
0
1
0
0
0
0
1
0
1
0
0
0
0
1
0
0
0
0
1
0
0
0
0
0
1
0
0
0
0
1
0
0
0
0
0
1
1
1
1
1
0
0
0
0
1
1
0
0
0
1
0
0
2
0
1
0
0
1
1
0
0
0
2
0
0
1
0
0
1
0
0
0
0
1
0
1
0
0
0
0
0
0
1
0
1
0
3
0
0
1
0
0
2
0
0
0
0
0
1
0
0
1
0
1
1
0
0
1
0
2
0
0
0
0
0
0
0
0
0
0
0
0
1
0
0
0
4
0
0
0
0
0
0
0
0
0
2
1
0
0
0
0
0
0
0
0
1
0
0
0
0
1
1
1
1
0
0
2
1
0
0
0
0
1
0
0
0
0
1
0
0
0
0
0
0
1
0
0
0
0
0
0
0
0
0
0
0
0
0
0
1
2
0
0
0
0
1
0
0
0
0
1
1
0
1
0
0
0
0
0
0
0
0
0
1
0
0
1
0
0
0
1
1
1
0
0
0
0
0
0
0
0
0
0
0
1
0
0
0
0
0
0
0
0
1
0
0
0
0
0
0
0
3
0
0
1
2
0
0
0
0
0
0
0
0
0
0
1
0
0
0
0
0
0
1
0
0
0
0
0
0
0
0
1
0
0
0
0
0
0
0
1
0
0
0
0
1
0
1
0
0
0
0
0
0
0
0
0
1
0
1
0
0
0
0
0
1
0
1
1
0
0
0
0
0
0
1
0
0
0
0
0
0
0
0
0
1
0
0
0
0
0
0
0
0
0
0
0
0
0
0
1
0
0
2
1
0
0
0
2
1
0
1
0
0
0
0
0
0
0
0
0
0
0
0
0
0
0
1
0
0
2
1
0
0
0
0
3
1
0
0
0
0
0
1
1
1
1
0
0
0
0
0
0
0
0
0
0
0
0
0
0
0
2
0
0
0
0
0
0
1
0
1
1
0
0
1
0
0
0
1
0
0
0
1
0
1
0
0
1
0
0
1
0
1
0
0
1
0
0
0
0
0
1
0
0
0
0
0
0
1
0
1
0
0
0
0
2
0
2
1
0
0
0
0
0
0
1
0
0
0
0
1
0
0
1
1
0
0
1
0
0
0
1
0
0
0
0
0
1
0
1
1
0
0
2
0
0
1
2
0
0
1
0
1
0
0
1
1
0
0
0
0
0
2
0
0
1
0
0
0
0
0
0
1
1
0
0
1
0
0
0
0
0
0
0
0
0
1
0
0
1
1
1
0
0
0
2
1
0
1
0
0
0
0
0
0
0
0
0
0
1
0
0
0
0
0
0
0
0
0
0
0
0
0
0
1
1
0
0
0
0
1
1
0
1
0
0
0
0
1
0
1
0
0
0
0
1
0
0
1
0
0
0
0
0
0
0
0
1
0
0
1
0
0
1
0
0
0
0
0
0
1
1
0
0
0
0
1
0
1
0
0
0
0
0
0
0
0
0
0
0
0
0
0
0
1
0
0
0
1
0
0
0
0
0
1
1
0
0
0
0
0
0
0
1
0
0
0
0
0
1
0
1
1
0
0
0
1
1
0
1
0
0
0
0
1
0
0
0
1
1
0
0
0
0
0
0
0
0
1
0
0
0
0
0
0
0
0
0
0
0
0
0
1
0
0
0
1
1
0
0
0
0
0
0
1
0
0
0
0
0
2
1
1
0
0
0
0
0
0
0
0
0
1
0
0
0
0
0
0
1
1
0
0
0
0
1
0
0
0
1
2
1
0
0
0
0
1
0
0
0
0
1
0
0
1
0
1
1
0
0
0
0
0
0
0
0
1
0
0
0
0
0
0
2
0
0
0
0
0
0
0
0
0
0
0
0
1
0
1
0
0
0
0
0
1
0
0
0
0
0
2
0
0
0
0
0
0
0
0
0
0
0
0
0
0
0
0
0
0
1
0
0
0
0
0
0
1
0
0
0
0
0
0
1
2
0
1
1
0
0
0
1
0
0
0
0
0
0
0
0
0
0
0
0
0
0
0
0
0
0
0
1
0
0
1
0
1
0
0
0
0
0
0
0
0
0
0
0
0
1
0
0
0
0
0
1
0
1
0
0
0
0
0
0
0
0
1
1
1
0
0
0
0
0
0
0
0
0
0
0
1
0
0
0
0
0
0
1
1
0
0
0
0
0
0
0
0
0
0
0
0
0
0
0
0
0
1
0
0
0
1
1
1
0
0
0
1
0
0
0
0
0
0
0
0
0
0
0
0
1
0
0
0
0
0
2
0
0
0
0
0
0
0
1
0
0
0
0
0
0
0
0
0
0
0
0
1
0
0
0
2
0
0
0
0
0
0
1
0
0
0
0
0
1
0
0
0
0
1
2
0
0
0
0
0
0
0
0
0
0
0
0
0
0
0
0
0
0
0
0
0
1
0
0
0
0
1
0
0
0
1
1
1
0
0
0
0
0
0
1
0
0
1
0
0
1
0
0
1
0
2
0
0
0
0
0
2
0
0
2
0
0
0
0
1
1
0
0
0
0
1
0
0
0
1
0
0
0
1
0
1
0
0
0
0
0
0
1
0
0
1
0
0
0
0
0
0
0
0
1
0
0
0
0
0
0
1
0
0
0
0
1
1
0
0
0
0
0
0
0
1
0
0
0
0
1
0
0
0
0
0
0
1
0
0
0
1
0
0
0
0
1
0
1
0
0
1
0
0
1
1
0
0
0
0
0
0
0
0
1
0
0
2
0
0
0
0
0
0
0
0
0
0
0
0
0
0
0
0
0
0
0
0
0
0
1
0
0
0
0
0
0
0
0
0
0
0
0
0
1
0
1
0
0
0
0
1
0
0
0
0
0
0
0
1
0
0
0
0
1
0
0
0
0
0
0
0
0
0
2
0
0
0
0
0
0
0
0
0
0
0
0
0
0
0
0
0
0
0
1
0
0
0
0
0
0
0
0
0
1
0
0
0
0
1
0
0
0
0
2
0
0
0
0
0
0
0
0
0
0
0
0
0
0
0
0
0
0
0
0
0
0
0
0
0
0
0
0
0
0
0
0
0
0
1
1
0
0
0
0
0
0
0
0
0
0
0
0
0
0
0
0
0
0
0
0
0
0
0
0
0
0
0
0
0
1
0
1
0
0
0
0
1
0
1
0
0
0
0
0
0
0
1
1
1
0
1
0
0
0
0
0
0
1
0
0
1
0
0
0
0
0
0
0
0
0
0
0
0
<<END>>
<<DP5 CONFIGURATION>>
RESC=?;    Reset Configuration
CLCK=20;    20MHz/80MHz
TPEA=32.000;    Peaking Time
GAIF=0.9727;    Fine Gain
GAIN=29.999;    Total Gain (Analog * Fine)
RESL=13107;    Detector Reset Lockout
TFLA=1.200;    Flat Top
TPFA=1600;    Fast Channel Peaking Time
PURE=ON;    PUR Interval On/Off
RTDE=OFF;    RTD On/Off
MCAS=NORM;    MCA Source
MCAC=8192;    MCA/MCS Channels
SOFF=OFF;    Set Spectrum Offset
AINP=NEG;    Analog Input Pos/Neg
INOF=DEF;    Input Offset
GAIA=12;    Analog Gain Index
CUSP=0;    Non-Trapezoidal Shaping
PDMD=NORM;    Peak Detect Mode (Min/Max)
THSL=0.683;    Slow Threshold
TLLD=OFF;    LLD Threshold
THFA=11.31;    Fast Threshold
DACO=OFF;    DAC Output
DACF=0;    DAC Offset
RTDS=0;    RTD Sensitivity
RTDT=0.00;    RTD Threshold
BLRM=1;    BLR Mode
BLRD=3;    BLR Down Correction
BLRU=0;    BLR Up Correction
GATE=OFF;    Gate Control
AUO1=ICR;    AUX_OUT Selection
PRET=60.0;    Preset Time
PRER=60.000;    Preset Real Time
PREC=OFF;    Preset Counts
PRCL=0;    Preset Counts Low Threshold
PRCH=0;    Preset Counts High Threshold
HVSE=180;    HV Set
TECS=225;    TEC Set
PAPS=ON;    Preamp 8.5/5 (N/A)
SCOE=RI;    Scope Trigger Edge
SCOT=87;    Scope Trigger Position
SCOG=1;    Digital Scope Gain
MCSL=0;    MCS Low Threshold
MCSH=0;    MCS High Threshold
MCST=0.00;    MCS Timebase
AUO2=ICR;    AUX_OUT2 Selection
TPMO=OFF;    Test Pulser On/Off
GPED=FA;    G.P. Counter Edge
GPIN=AUX1;    G.P. Counter Input
GPME=OFF;    G.P. Counter Uses MCA_EN?
GPGA=OFF;    G.P. Counter Uses GATE?
GPMC=OFF;    G.P. Counter Cleared With MCA Counters?
MCAE=OFF;    MCA/MCS Enable
BOOT=ON;    Turn Supplies On/Off At Power Up
<<DP5 CONFIGURATION END>>
<<DPP STATUS>>
Device Type: DP5
Serial Number: 13140
Firmware: 6.07  Build:  3
FPGA: 6.02
Fast Count: 242765
Slow Count: 151022
GP Count: 1
Accumulation Time: 50.943000
Real Time: 60.000000
Dead Time: 37.79%
HV Volt: 181V
TEC Temp: 228K
Board Temp: 40°C
<<DPP STATUS END>>
