<<PMCA SPECTRUM>>
TAG - live_data
DESCRIPTION - 
GAIN - 5
THRESHOLD - 0
LIVE_MODE - 0
PRESET_TIME - 0
LIVE_TIME - 6.329520
REAL_TIME - 35.400000
START_TIME - 03/07/2018 15:37:20
SERIAL_NUMBER - 0
<<CALIBRATION>>
LABEL - keV
809.65 3.66
810.98 3.66
1816.99 8.05
2012.04 8.9
2012.55 8.9
2393.16 10.55
2393.61 10.55
2862.68 12.612
2862.87 12.612
5717.27 25.27
5718.07 25.27
6460.66 28.48
6462.08 28.48
<<ROI>>
592 1088
5559 5887
6373 6553
<<DATA>>
0
0
0
0
0
0
0
0
0
0
0
0
0
0
0
0
0
0
0
0
0
0
0
0
0
0
0
0
0
0
0
0
0
0
0
0
0
0
0
0
0
0
0
0
0
0
0
0
0
0
0
0
0
0
0
0
0
0
1
2
0
0
0
0
1
0
0
0
1
0
0
0
1
1
0
0
1
1
2
0
1
1
0
0
1
0
0
2
0
0
0
0
1
0
0
0
0
1
0
0
1
0
1
1
0
0
1
1
0
0
0
4
2
0
1
3
1
1
0
0
2
0
1
1
0
2
0
0
1
0
1
4
3
0
2
0
0
0
3
3
0
0
2
0
1
0
0
1
1
0
0
1
0
1
1
0
0
1
0
1
0
0
1
2
1
0
1
2
1
2
3
0
2
1
1
1
1
1
1
1
2
0
0
0
0
0
2
2
0
0
0
0
0
0
0
0
1
1
0
1
1
0
0
1
2
0
1
0
0
0
1
1
0
0
0
1
0
0
0
0
1
0
2
0
1
0
0
0
1
0
0
0
0
0
0
1
0
1
0
1
1
1
1
1
1
0
1
0
1
0
0
2
0
0
0
1
1
1
0
1
1
0
1
0
0
0
1
1
0
1
0
1
0
1
0
1
0
1
1
0
1
1
1
0
0
3
0
0
0
0
1
0
0
0
0
1
0
1
0
0
1
1
1
0
0
2
0
0
2
0
1
2
2
0
2
1
3
1
0
2
2
1
0
1
1
2
1
0
1
1
2
1
1
1
1
0
1
1
2
0
0
0
0
1
1
1
1
0
0
0
0
0
0
0
0
0
1
0
1
1
1
0
0
2
0
0
0
0
0
3
1
0
0
0
1
0
0
1
1
0
0
0
0
0
0
0
1
1
1
0
0
0
0
0
0
0
1
0
0
1
0
1
0
1
0
0
0
1
1
0
0
1
0
1
0
0
0
1
0
1
0
1
0
0
0
2
1
0
0
0
0
0
0
1
0
0
2
1
0
2
0
0
0
0
0
1
2
1
0
0
0
0
1
2
0
0
1
1
1
1
2
1
1
0
1
0
0
0
3
0
1
0
0
0
1
0
0
0
0
1
0
1
0
0
1
0
1
2
1
1
0
1
1
0
0
1
0
0
0
0
3
0
0
1
1
2
0
0
1
1
0
3
0
3
1
1
1
0
1
0
0
2
3
1
2
2
1
0
0
1
1
1
0
2
0
0
1
4
0
0
1
1
0
0
2
1
3
2
0
0
0
0
1
0
0
0
0
0
2
3
2
1
1
1
1
1
0
1
1
1
2
2
0
3
1
2
3
2
1
1
2
2
3
5
0
1
2
2
1
5
2
2
1
0
1
2
2
1
2
4
1
2
1
1
1
3
1
1
2
1
2
1
4
1
1
1
1
1
1
2
3
2
1
2
0
1
0
1
1
1
3
1
0
3
3
5
6
5
3
3
5
10
8
6
7
4
9
3
11
14
15
10
14
11
17
12
10
13
14
12
13
13
10
21
14
14
15
17
13
19
17
12
17
17
18
14
12
17
20
16
16
8
10
16
14
12
13
8
7
7
6
9
13
4
9
8
4
8
6
7
5
7
6
2
2
6
4
3
8
7
5
3
8
9
6
6
6
6
3
8
8
10
6
9
5
6
7
3
4
11
7
13
8
14
7
10
9
8
14
6
8
7
6
14
19
9
15
7
12
3
17
5
6
8
7
6
13
5
5
10
7
15
12
6
10
6
6
9
6
11
2
11
6
4
7
3
7
2
6
2
4
2
2
4
1
1
2
2
3
0
2
0
1
3
3
1
0
1
1
2
2
0
1
0
0
3
2
3
1
1
2
3
1
2
1
0
1
0
0
1
1
0
2
1
1
2
1
3
2
0
3
0
3
1
2
1
4
1
2
3
0
2
1
2
3
6
3
2
2
1
3
4
3
5
1
2
2
3
3
1
6
0
4
2
4
3
3
3
5
3
3
1
3
4
1
4
2
3
3
1
2
5
4
0
2
0
2
1
0
3
0
1
3
1
2
1
0
2
2
0
1
0
1
1
1
2
1
1
0
0
3
1
0
0
0
2
1
1
2
1
2
0
1
2
1
0
0
1
0
0
0
0
0
1
3
2
1
0
1
0
0
0
2
1
2
0
1
0
1
0
1
1
0
0
1
1
1
1
1
0
2
1
0
0
0
2
1
0
1
2
0
2
0
0
0
1
4
1
1
0
1
2
1
1
0
1
1
0
0
1
0
0
0
1
1
2
1
1
0
0
0
1
0
0
0
2
2
1
2
0
0
2
3
0
0
0
2
0
0
3
1
0
2
3
1
1
3
0
0
2
0
1
0
0
2
1
1
0
0
0
1
0
2
2
0
1
0
2
1
0
0
1
2
0
0
0
1
1
0
0
1
1
1
1
0
2
0
0
0
1
4
0
0
0
1
2
0
0
0
2
2
0
1
3
2
1
2
1
2
2
0
2
1
1
1
0
0
1
4
4
1
2
2
3
0
1
1
0
0
2
2
4
2
4
0
2
0
5
0
2
1
1
1
1
2
2
1
1
2
0
1
1
3
2
1
2
1
1
0
2
0
1
0
1
4
4
0
3
0
3
2
0
2
0
1
1
2
0
1
0
2
4
0
1
1
1
1
2
2
1
0
1
1
1
2
1
5
3
2
3
2
1
3
5
2
4
5
4
4
8
4
6
5
9
5
8
9
5
11
8
10
9
13
6
2
5
13
14
6
6
2
14
16
15
11
8
13
8
15
15
10
11
8
8
13
6
13
15
9
15
13
11
12
8
4
10
6
9
9
5
7
8
11
3
12
2
4
11
4
6
4
4
6
3
2
1
2
4
1
2
2
2
3
1
1
1
0
2
3
1
2
3
1
1
3
2
0
4
4
1
0
2
1
2
2
3
1
2
3
3
1
1
0
0
1
0
0
2
1
3
2
2
2
5
2
2
1
1
2
3
0
2
1
2
0
2
2
1
1
4
0
2
0
1
2
2
1
1
0
1
3
0
1
2
2
0
1
1
0
4
1
1
2
1
2
2
1
1
1
4
1
0
5
1
2
5
0
2
3
0
5
2
2
3
3
0
2
1
1
1
3
3
4
6
0
3
5
1
1
1
3
3
3
3
4
4
6
2
6
4
2
4
5
3
7
5
6
4
9
11
15
9
4
12
9
11
5
16
10
12
16
10
11
20
13
13
19
8
15
23
10
18
20
23
15
17
20
24
22
12
13
18
17
17
17
19
14
15
15
15
12
18
24
12
13
9
7
16
13
14
13
9
7
8
13
9
4
7
11
6
4
7
8
4
6
9
5
13
5
5
3
8
3
4
4
1
4
9
4
5
3
5
5
6
2
4
4
1
4
2
3
3
1
2
1
3
0
2
2
6
2
1
3
5
6
4
4
4
6
6
6
4
2
1
5
1
1
6
4
1
2
6
3
3
4
6
1
0
3
5
2
3
5
7
4
3
4
0
3
4
2
4
4
2
5
2
1
3
4
2
3
1
8
2
2
3
2
4
3
5
2
3
1
1
2
0
5
1
4
1
4
3
3
4
0
1
1
0
1
5
2
3
6
4
4
2
3
1
1
3
3
5
8
1
1
1
0
3
7
2
4
7
3
3
2
2
5
7
5
2
4
2
7
3
5
3
3
3
4
7
2
3
4
3
4
2
2
4
1
3
3
3
3
1
3
6
0
1
7
3
5
0
2
0
5
3
2
4
7
2
2
5
3
3
4
2
2
4
2
0
3
3
3
1
5
4
5
2
3
8
2
3
3
4
2
7
4
0
7
2
6
5
8
5
6
6
4
6
6
5
3
4
5
3
6
4
4
5
8
6
5
7
3
5
6
3
0
7
7
7
4
3
6
7
7
5
8
14
8
7
11
5
10
11
7
7
8
18
8
8
13
7
9
10
15
12
17
15
12
8
17
16
14
8
13
12
15
10
7
18
11
18
18
20
21
26
29
29
36
30
52
41
53
45
60
55
96
85
84
109
138
155
139
188
231
232
246
273
334
360
411
452
519
576
606
678
715
876
907
1023
1094
1201
1274
1332
1492
1541
1674
1670
1891
2069
2035
2222
2371
2384
2456
2678
2595
2873
2944
2794
3186
2957
3207
3129
3252
3116
3404
3390
3189
3319
3074
3217
2970
3185
3096
2983
2969
2706
2832
2483
2628
2335
2310
2234
2064
1991
1875
1755
1610
1533
1430
1394
1284
1048
1167
993
891
782
803
671
599
570
518
461
419
395
323
281
247
235
207
197
156
152
126
133
110
97
67
83
66
53
59
52
35
28
38
37
16
23
26
27
24
22
17
17
19
12
11
13
17
17
14
17
20
10
14
12
13
16
5
9
10
21
15
7
15
12
23
16
11
12
9
16
15
18
19
25
15
15
15
7
14
14
12
18
17
18
10
14
16
12
15
15
16
19
16
18
12
15
18
17
11
17
20
18
12
14
18
18
21
20
24
18
22
21
22
27
27
21
35
29
30
32
44
30
37
48
53
40
44
50
60
53
79
65
88
84
84
115
114
109
138
143
144
185
166
206
203
261
237
281
319
254
317
341
363
340
352
390
351
423
417
434
446
454
419
491
530
468
504
500
494
495
444
455
478
526
450
486
472
450
409
433
416
371
396
354
386
347
316
285
300
265
220
256
232
217
184
184
161
164
167
124
108
121
101
96
70
99
62
46
45
52
48
41
51
31
26
27
21
18
12
14
10
14
9
4
7
6
4
2
2
2
8
3
2
1
2
1
3
2
0
2
1
1
0
1
0
0
1
1
0
2
1
0
0
0
1
1
1
0
1
1
0
0
1
2
2
1
1
2
0
2
0
1
3
0
0
0
0
0
1
4
1
1
1
0
2
0
1
1
1
1
0
1
0
2
1
1
0
4
0
1
0
3
1
2
0
2
0
1
2
0
1
1
1
0
0
0
2
1
2
1
0
0
2
0
0
0
1
1
0
1
1
1
0
0
2
1
1
0
0
1
0
4
1
0
1
0
0
0
0
0
0
2
0
1
0
0
0
0
0
0
1
0
0
0
0
2
1
1
0
1
0
2
0
1
0
0
1
1
0
0
1
2
0
1
0
0
0
0
0
0
0
1
0
0
0
0
0
1
1
0
0
0
0
0
1
1
1
1
0
1
1
1
0
1
0
0
1
0
0
1
0
0
0
1
0
2
0
1
0
0
0
0
2
4
2
0
0
0
0
1
1
0
2
1
0
1
1
1
1
0
0
0
0
0
0
0
0
1
0
0
1
1
0
0
1
0
0
0
0
0
0
1
1
0
1
2
0
0
0
0
0
0
0
1
0
0
1
1
0
0
1
0
0
0
0
0
0
0
1
0
0
0
0
1
0
1
1
1
1
0
0
0
0
1
0
0
1
1
1
0
1
1
1
0
0
0
1
0
0
0
1
1
0
0
1
0
0
0
0
0
0
3
0
0
0
0
0
1
1
0
1
1
0
0
0
0
0
0
0
0
0
0
0
1
2
1
0
1
1
1
1
0
2
0
0
0
2
1
1
0
0
0
0
2
0
0
0
1
0
3
0
1
0
0
1
0
0
0
1
0
1
1
1
1
0
1
0
2
0
2
0
2
2
1
0
1
0
0
0
0
1
0
1
0
0
2
2
0
1
1
0
1
1
0
1
2
0
1
1
2
0
4
0
0
1
1
2
1
4
2
0
0
1
5
1
1
2
1
1
2
2
1
3
3
1
1
0
0
3
1
1
1
1
0
1
2
2
0
2
2
0
2
0
2
3
2
1
1
0
3
1
2
1
2
1
1
2
2
2
1
0
3
1
1
1
2
0
0
1
3
1
1
3
4
0
4
1
2
0
3
1
2
1
1
1
0
1
0
1
2
0
2
2
2
2
1
3
1
1
2
0
1
2
1
1
2
0
3
0
0
1
0
2
3
1
1
2
1
2
0
2
0
0
0
0
0
0
1
1
3
2
2
0
0
0
0
0
0
1
1
1
0
1
1
2
1
3
0
2
0
0
2
0
0
0
0
2
0
0
1
0
0
0
0
3
2
0
0
1
0
0
0
0
0
0
0
1
0
0
1
2
1
1
0
2
2
0
1
0
0
0
2
0
2
0
0
1
2
0
1
1
0
0
2
1
0
0
1
0
1
2
0
1
1
2
0
1
1
0
0
1
1
0
1
1
0
0
0
1
3
0
0
0
0
1
2
1
0
0
1
2
1
0
3
1
0
1
1
0
0
0
1
1
0
0
1
1
0
2
1
0
2
2
0
2
0
0
0
0
0
0
0
1
0
0
0
1
1
0
2
1
1
0
0
1
0
1
0
0
2
0
0
0
1
0
0
0
1
1
2
0
0
1
1
2
0
1
0
0
1
0
0
0
1
1
1
0
0
1
2
0
0
2
1
1
0
0
1
1
1
0
0
1
0
0
0
0
1
1
0
0
0
1
1
0
0
1
1
0
3
0
0
0
0
0
1
3
1
2
2
2
2
0
0
1
0
0
0
2
0
0
0
0
1
0
2
1
2
1
0
1
0
2
0
0
1
0
0
0
0
0
1
1
0
1
2
0
0
0
2
0
0
0
0
2
0
1
1
0
3
0
0
2
2
1
0
0
2
1
0
1
1
0
0
0
0
0
1
2
1
2
1
2
0
1
0
1
0
0
1
1
0
0
0
0
1
0
1
0
1
1
2
0
0
1
0
1
0
1
0
0
2
0
0
3
0
0
1
0
2
1
0
1
0
0
0
0
0
0
0
1
1
0
1
0
0
0
0
0
0
1
0
0
1
0
0
0
0
1
1
0
0
1
1
2
0
1
0
1
3
0
0
2
0
0
1
0
0
1
2
0
0
0
0
0
1
1
0
1
0
1
1
0
0
0
0
1
1
1
0
0
2
0
1
0
2
0
2
1
0
0
1
0
2
4
2
0
1
4
1
0
1
0
2
2
2
0
2
0
1
0
0
2
1
0
2
2
1
0
0
1
1
0
1
0
0
3
2
0
0
2
1
1
0
0
0
0
0
0
0
0
2
0
5
1
1
1
0
0
0
0
0
0
1
1
0
0
0
2
1
0
3
0
1
0
0
0
2
0
0
0
0
0
0
2
0
1
0
1
2
1
0
0
1
0
0
2
0
0
0
0
0
0
0
1
0
1
0
0
0
1
0
1
1
1
1
0
1
1
1
0
1
1
1
1
1
0
2
0
2
2
1
3
0
0
0
2
1
0
0
2
1
0
0
1
2
1
0
1
0
1
2
0
0
1
0
1
0
1
2
0
0
2
0
1
0
1
0
1
0
0
0
1
0
2
1
1
3
1
1
1
2
3
2
2
0
0
1
2
0
1
1
1
1
1
1
2
1
1
0
2
1
1
1
3
1
2
0
2
1
1
2
0
1
2
2
1
0
1
2
0
1
1
2
2
1
1
2
2
0
2
4
4
0
1
0
3
0
0
2
4
1
0
2
1
0
0
2
1
3
3
0
1
0
0
0
1
1
0
1
0
2
0
0
0
1
1
1
1
0
1
2
0
0
1
1
0
3
0
0
1
0
1
0
2
2
0
2
0
1
0
2
2
0
1
1
2
0
1
1
0
1
1
0
0
1
1
0
3
1
0
0
1
0
1
0
1
0
0
1
0
0
0
0
0
0
1
0
1
1
1
2
0
0
0
0
0
1
0
0
0
0
0
2
0
0
0
0
1
0
0
0
0
2
1
0
2
0
0
1
1
1
1
1
0
1
0
0
0
1
2
3
0
0
1
0
3
1
0
0
0
1
2
0
0
3
1
0
0
3
2
0
0
1
0
0
0
0
0
0
0
2
0
0
1
0
0
2
0
0
3
0
1
0
0
2
1
1
0
1
2
1
1
0
1
1
3
0
0
0
0
0
0
0
0
0
0
1
1
0
1
0
0
0
0
0
1
0
0
0
0
0
0
1
0
1
0
0
2
3
0
1
0
1
1
1
0
0
1
0
1
1
0
0
0
1
0
1
0
1
1
2
1
3
0
1
0
0
2
0
0
0
0
0
2
0
2
1
1
1
3
0
3
1
1
1
1
4
2
0
2
0
0
1
0
1
1
3
0
1
0
0
0
0
0
1
1
3
1
0
2
0
1
0
3
3
1
2
1
2
0
1
3
3
3
4
2
2
2
3
7
4
6
2
6
9
5
2
12
13
9
5
11
15
10
13
17
15
24
15
17
18
12
22
30
30
20
31
33
22
34
32
34
37
28
40
51
39
46
47
53
46
40
42
58
44
50
59
57
54
57
67
57
65
62
73
71
48
62
56
66
64
63
64
56
63
52
76
52
51
56
66
63
53
40
57
47
41
50
50
36
29
35
34
38
41
28
36
18
25
18
22
20
23
18
20
20
12
12
11
16
18
16
11
9
10
6
7
9
6
5
2
6
4
3
3
4
1
1
3
2
1
2
3
3
1
2
5
2
3
1
1
1
0
1
0
2
2
1
1
4
1
0
2
2
1
1
1
0
1
0
3
1
1
0
0
0
0
1
0
1
0
2
2
1
1
4
2
1
0
0
1
1
1
1
2
0
2
5
2
1
3
4
1
1
1
1
1
1
1
4
3
3
1
3
1
2
1
2
0
4
3
0
6
6
3
3
0
3
4
11
6
7
2
6
2
4
6
6
9
8
10
9
16
12
8
9
7
9
11
10
16
15
17
10
19
22
21
26
13
13
18
17
14
25
25
20
19
12
27
29
23
13
13
16
20
17
20
16
16
20
15
15
17
23
20
17
10
18
17
14
16
11
12
10
13
19
10
12
11
5
15
10
16
3
8
5
8
7
7
11
6
4
8
1
6
5
2
1
3
0
2
5
3
1
3
2
4
3
7
2
2
2
2
1
2
0
0
3
1
0
0
0
3
1
0
2
1
1
0
0
0
0
1
2
1
0
3
0
0
1
0
0
0
0
0
0
1
0
0
0
0
1
1
0
0
1
0
0
0
0
0
0
2
2
0
0
0
0
3
0
0
0
0
0
1
1
0
0
1
1
1
1
1
0
1
1
0
0
0
0
0
1
0
0
3
0
1
2
2
1
0
3
0
0
0
3
0
0
3
1
3
0
1
1
3
0
2
2
2
2
1
3
4
1
1
1
1
0
2
3
0
3
1
2
0
2
2
1
0
3
0
4
0
1
1
1
2
1
2
0
4
7
2
5
1
1
2
2
1
1
2
0
0
1
1
2
2
0
0
1
2
1
1
3
1
1
2
1
0
0
0
0
1
1
0
0
1
0
0
2
1
0
1
0
0
0
0
1
1
2
0
1
0
0
1
0
0
2
0
1
1
1
0
3
0
0
0
2
0
1
0
1
0
0
0
0
0
0
1
0
0
2
0
1
3
0
0
1
0
0
0
0
0
0
0
0
0
1
0
0
1
1
0
0
0
1
0
1
1
0
0
0
0
0
0
0
0
0
1
1
0
0
1
2
0
0
1
1
0
0
0
0
1
1
0
0
0
1
0
0
0
1
0
1
2
0
0
0
0
1
0
0
0
2
0
0
0
0
1
0
0
1
0
0
1
0
1
0
2
1
0
0
0
0
0
0
0
1
0
0
1
0
0
0
0
0
0
1
0
0
0
1
1
0
1
0
1
0
0
1
0
0
0
2
0
0
0
0
0
0
1
0
0
0
0
1
1
0
1
0
0
1
0
0
0
2
0
0
1
1
0
0
1
1
0
0
1
1
1
0
0
1
0
1
0
1
0
0
0
1
1
0
0
0
2
0
0
1
1
0
0
1
0
0
0
1
1
0
0
0
0
0
1
0
0
0
0
1
1
1
1
0
0
0
0
2
0
0
0
1
0
0
0
0
1
1
0
1
0
1
0
0
0
0
0
0
0
0
2
0
2
0
0
0
2
1
1
1
1
1
0
1
0
0
1
0
0
0
0
1
0
0
0
0
0
0
0
0
1
0
1
0
1
1
0
0
0
0
0
1
0
1
1
0
0
0
1
0
1
0
1
0
1
0
0
1
0
0
0
1
0
0
0
0
0
0
0
0
0
1
4
1
1
1
1
0
1
1
0
0
0
0
1
0
0
1
0
1
0
1
0
1
0
1
0
0
1
0
3
0
1
0
0
0
0
0
1
0
2
0
1
0
0
1
1
1
0
0
0
1
0
0
0
1
0
0
0
1
0
0
0
1
1
1
1
0
0
1
0
1
2
2
1
1
1
1
0
1
1
1
1
0
0
1
2
0
2
0
0
0
1
2
0
0
0
0
1
1
0
1
0
1
1
0
0
0
0
0
0
1
1
2
0
2
0
0
2
2
0
3
1
0
0
0
0
0
1
1
0
1
0
0
1
0
1
1
0
0
0
1
1
1
1
0
0
0
1
1
1
1
1
0
0
0
1
2
0
2
2
1
1
1
2
3
1
2
1
1
0
2
0
0
1
1
0
4
1
0
0
0
0
0
1
1
0
0
1
0
1
2
0
1
1
0
1
1
2
1
0
1
1
0
0
0
0
0
0
1
0
0
0
1
1
1
0
2
1
1
1
1
0
0
0
2
1
1
1
1
0
0
1
0
0
1
1
0
0
1
2
0
1
1
1
2
1
0
0
1
0
0
0
0
3
0
0
0
2
0
0
0
1
4
0
0
0
1
0
0
1
0
1
3
2
0
1
1
1
1
1
0
2
1
1
0
0
0
1
1
0
3
2
0
2
2
1
1
2
3
3
0
1
1
0
1
1
0
0
2
1
0
0
1
1
0
2
0
1
0
1
1
0
1
1
1
0
0
0
1
1
1
2
2
0
0
1
0
2
1
0
2
2
0
2
1
2
1
0
0
1
0
1
0
0
1
1
0
0
1
0
1
1
2
1
0
2
0
3
1
1
1
1
0
1
0
0
1
0
0
1
0
1
1
0
0
0
0
0
1
1
0
0
0
0
1
0
3
0
1
0
0
0
0
0
0
0
0
0
0
0
0
0
1
1
0
0
0
2
3
1
0
0
0
1
1
1
0
0
1
1
0
0
1
0
0
1
2
1
0
1
1
0
0
0
0
1
1
1
1
1
0
0
1
1
0
1
2
1
1
1
2
0
0
1
1
1
2
2
1
2
0
0
0
0
2
0
1
1
1
0
1
0
0
1
0
0
0
3
0
0
0
2
1
0
0
1
2
2
0
1
0
1
0
2
1
0
0
2
1
1
0
3
1
0
0
0
1
2
0
1
3
0
0
0
3
1
0
2
2
0
0
0
0
1
0
2
0
1
0
0
2
1
2
0
2
0
0
1
3
2
0
0
2
1
1
0
1
0
1
3
2
2
1
2
1
2
2
3
5
0
1
4
1
2
3
0
1
0
4
3
2
6
2
3
3
3
1
2
1
3
1
0
2
2
1
3
1
5
3
1
2
3
1
1
3
1
2
0
2
2
3
4
0
0
1
1
0
2
0
1
2
3
1
3
0
0
1
2
1
2
4
1
0
2
2
2
0
1
2
2
0
0
1
0
1
1
0
2
1
1
1
2
0
1
0
2
1
1
0
2
1
1
2
0
0
0
0
1
0
1
0
1
0
1
0
1
1
1
1
0
1
1
0
0
1
0
1
1
0
0
0
0
1
0
1
0
0
1
2
1
1
1
1
0
0
0
1
0
0
0
1
0
1
0
0
0
0
0
2
0
1
1
0
1
0
1
0
1
0
1
0
0
1
1
1
0
0
0
2
0
0
0
3
0
0
1
0
0
0
1
0
0
0
0
1
0
1
1
0
1
0
0
0
0
0
0
0
0
0
0
0
0
0
0
1
0
0
1
1
0
0
0
0
0
0
1
2
0
1
0
0
0
1
0
0
0
1
0
0
0
0
1
0
0
1
0
2
0
1
0
1
1
0
0
0
0
0
0
2
1
0
0
1
1
1
1
0
0
0
0
0
1
0
1
1
0
1
0
0
0
0
0
1
1
0
0
0
0
0
0
0
1
1
0
1
0
1
0
1
1
0
2
0
1
1
0
0
1
0
0
0
0
0
1
0
1
0
0
0
0
0
0
1
0
1
0
1
1
0
0
1
0
2
0
0
0
0
0
0
0
0
1
0
1
0
0
0
0
1
0
2
0
0
0
0
0
0
0
0
0
0
0
1
1
0
1
1
0
0
0
2
1
1
0
0
0
2
1
1
0
0
2
0
1
1
0
0
0
0
0
0
0
0
0
0
0
0
1
0
0
1
0
0
0
0
0
1
0
1
1
0
1
0
0
0
0
0
0
0
0
0
0
1
0
0
0
0
0
1
2
0
0
0
2
0
0
2
0
1
0
2
0
0
0
0
1
0
1
0
0
0
0
0
0
3
1
0
0
2
3
2
2
2
0
1
0
0
0
0
1
0
0
1
0
1
0
0
1
2
1
2
1
0
3
1
0
3
0
1
0
2
0
2
1
0
3
1
2
1
0
3
1
1
1
1
1
1
0
1
2
0
1
0
0
2
2
0
2
2
0
0
1
0
0
1
2
1
0
1
1
1
1
1
1
1
0
0
0
0
2
0
0
0
0
0
1
1
0
1
0
0
0
0
1
0
1
0
0
0
0
0
0
0
0
1
0
1
0
1
0
1
0
1
1
1
0
1
0
0
0
0
0
0
0
1
0
1
0
0
1
0
0
1
1
1
1
1
1
0
1
0
2
0
0
0
0
0
1
1
0
0
0
0
0
0
0
0
0
0
0
1
0
0
0
0
0
0
0
0
0
0
1
1
1
2
0
1
1
1
0
1
0
0
0
0
1
2
0
0
0
0
0
1
1
2
1
0
2
3
1
2
0
1
0
0
2
0
2
3
1
1
0
0
1
0
1
1
0
1
0
1
1
0
3
1
0
1
0
1
2
0
0
0
1
2
1
1
0
1
2
1
1
1
2
0
0
0
0
1
0
2
0
1
0
0
0
0
2
0
0
0
0
0
1
1
0
1
0
0
1
2
0
0
0
0
0
0
4
0
0
0
0
1
1
0
0
0
0
0
0
1
0
1
0
0
1
0
0
0
0
0
0
0
1
0
0
1
0
0
0
0
0
0
0
0
0
0
0
1
1
0
1
0
0
0
1
0
1
0
0
2
2
0
0
0
0
1
0
0
0
0
0
0
0
0
0
0
1
0
0
3
0
0
0
0
0
0
1
0
1
0
0
0
1
0
0
0
0
0
1
0
0
0
1
1
0
0
0
1
0
0
1
0
0
0
1
0
0
1
0
1
0
0
0
1
0
0
0
1
0
0
1
0
0
2
1
1
0
0
0
0
0
1
0
0
0
0
0
0
0
0
0
1
0
0
0
0
1
1
0
0
0
0
0
0
0
0
0
1
0
0
0
0
2
0
0
0
0
0
1
0
0
1
0
0
0
1
0
0
0
1
0
0
0
0
0
0
0
0
1
0
1
1
1
0
0
1
0
1
0
0
0
0
0
0
3
1
1
0
0
0
1
0
0
0
0
0
0
0
0
0
0
0
0
0
1
0
0
1
0
1
1
0
0
0
0
1
0
0
1
2
0
0
0
0
0
0
1
0
0
0
0
1
0
1
0
0
0
1
0
0
0
0
1
0
0
1
0
0
1
0
0
0
1
0
1
0
0
1
0
1
1
0
0
0
0
0
0
0
0
0
0
0
0
1
1
0
0
0
0
0
1
1
0
0
0
0
0
0
0
0
0
0
0
1
0
0
0
0
0
0
0
0
0
0
1
0
0
0
0
0
2
0
0
0
1
0
2
0
0
0
0
0
0
0
1
0
0
1
0
0
0
0
0
0
0
0
0
0
0
0
0
0
1
0
0
0
0
1
0
0
0
1
0
1
0
0
1
1
1
0
0
1
0
0
0
0
0
0
1
0
0
0
0
0
1
0
0
0
0
0
0
0
0
0
0
1
0
0
0
1
0
0
0
1
1
2
0
0
0
0
0
1
0
0
0
1
0
0
0
2
0
1
0
0
0
0
0
0
0
0
1
1
0
0
0
1
0
0
0
0
3
2
0
1
0
0
1
0
2
0
0
0
0
0
1
0
0
1
0
0
0
1
1
1
0
1
0
0
1
0
1
0
0
0
0
0
0
0
0
2
0
1
1
0
0
0
0
1
0
1
0
0
0
0
0
0
1
0
1
0
1
0
0
0
0
0
0
0
0
0
1
0
1
0
0
0
0
1
1
0
1
0
0
0
0
1
0
0
0
0
0
0
0
0
0
1
1
0
0
2
0
1
0
0
0
0
0
0
0
1
0
1
0
1
0
2
0
1
0
2
1
1
0
1
0
0
0
0
0
0
0
1
0
0
0
1
1
0
0
0
0
0
0
0
0
0
0
0
1
1
0
0
0
0
0
0
0
1
0
0
1
0
0
1
0
0
0
0
0
1
0
2
0
0
3
1
0
0
1
0
0
0
0
2
0
1
0
0
1
0
0
0
0
0
0
1
0
0
0
0
0
0
0
0
1
0
1
1
0
0
0
0
0
0
0
1
0
0
2
0
0
0
0
0
0
0
0
0
0
0
0
0
0
1
0
1
1
0
0
0
0
0
0
1
0
0
0
0
0
0
0
0
1
0
0
0
0
0
1
0
0
0
0
0
0
0
0
0
2
0
0
1
0
1
0
1
0
0
0
0
1
0
0
0
1
0
0
0
0
0
1
0
0
0
0
0
0
1
0
0
0
0
0
0
1
0
0
0
0
0
0
1
0
0
0
1
0
0
0
2
0
0
1
0
2
0
0
1
1
0
0
0
0
0
1
0
0
0
0
1
0
2
0
1
1
0
0
0
0
0
0
0
0
1
0
0
0
0
0
0
0
0
0
0
0
1
0
0
0
0
1
1
0
0
0
0
1
0
0
0
0
0
0
0
0
0
0
0
0
1
0
1
0
0
0
0
0
0
0
0
0
0
0
0
0
0
0
0
0
0
0
1
0
0
0
0
2
0
1
0
0
0
0
0
0
0
0
0
0
1
0
0
0
0
0
1
1
0
0
0
1
0
0
0
0
0
0
0
1
0
0
1
0
0
0
0
0
0
0
0
0
0
0
0
0
0
0
0
0
0
0
1
2
0
0
1
0
0
0
0
1
0
1
1
0
0
0
0
0
0
0
0
0
1
0
0
0
0
0
0
0
0
0
0
0
0
0
0
0
0
0
0
1
0
0
1
0
0
0
1
1
0
1
0
1
0
0
0
0
0
0
0
1
0
0
0
0
0
0
0
0
0
1
0
1
0
0
0
0
1
0
1
0
0
0
0
0
1
0
1
0
0
0
1
0
0
0
0
0
0
0
0
0
0
0
0
1
0
0
1
0
0
0
0
1
0
1
0
1
0
0
1
0
0
0
0
0
0
0
0
2
0
1
0
0
0
0
1
0
0
1
0
0
0
0
0
0
0
0
0
0
0
1
0
0
0
0
1
0
1
1
1
0
0
0
0
1
1
2
0
0
0
1
0
0
0
0
1
0
0
0
1
0
0
1
0
0
0
1
1
0
0
0
0
0
0
1
0
1
0
1
1
0
1
0
0
1
0
0
0
0
0
1
0
0
0
0
1
0
0
0
0
0
1
0
0
0
0
0
0
0
0
0
0
1
0
0
0
1
0
1
0
1
0
0
1
0
0
1
1
0
2
2
0
1
0
0
0
0
0
0
0
0
0
1
0
0
0
0
0
0
1
0
0
0
0
0
0
1
0
0
0
1
0
0
0
2
2
1
0
0
0
0
0
0
0
0
0
1
0
0
0
1
0
0
0
0
0
0
0
0
2
0
1
0
0
1
0
0
0
1
0
0
0
0
0
1
0
0
1
0
0
0
3
1
0
1
0
0
0
0
0
0
0
0
0
1
0
0
0
0
1
1
0
0
0
1
0
0
1
0
0
1
0
1
0
0
0
0
0
0
0
0
0
1
1
0
0
0
0
0
0
0
0
0
0
0
0
0
0
0
0
0
1
0
0
0
1
0
0
1
0
0
0
0
0
0
0
0
0
0
0
0
0
0
0
0
0
0
0
1
0
0
0
1
0
0
0
1
0
0
1
0
0
0
0
0
0
0
1
1
0
0
0
0
0
1
0
0
0
1
0
0
0
0
0
0
0
0
0
0
0
0
1
0
0
0
1
0
0
1
0
0
0
0
0
1
0
0
0
0
1
0
1
0
0
1
0
0
0
0
0
0
0
0
0
0
1
0
0
0
0
0
2
0
0
0
0
0
0
0
0
0
0
0
0
0
0
1
0
0
0
0
1
0
0
0
0
0
0
0
0
0
0
0
2
0
1
0
0
1
0
0
1
1
0
0
0
0
0
0
0
0
0
0
0
1
0
0
0
0
0
1
1
1
0
0
1
0
0
0
0
0
0
0
1
0
0
1
0
0
0
0
0
0
0
0
0
0
0
0
0
0
1
0
0
0
0
0
0
0
0
0
0
1
0
0
0
0
0
0
0
0
1
0
0
0
1
0
0
0
0
0
0
0
0
1
0
0
1
0
0
0
1
0
0
0
0
0
1
0
0
0
0
0
0
0
0
0
0
0
0
0
0
0
0
0
0
0
0
0
0
0
1
0
0
0
0
0
0
0
1
0
0
0
0
0
0
0
1
1
0
0
0
0
0
0
0
0
0
0
0
0
0
0
0
0
0
0
1
0
0
0
0
0
0
0
0
0
0
0
0
0
0
0
0
0
0
1
0
0
0
2
0
1
0
0
0
0
0
0
0
0
0
0
0
0
0
0
1
0
0
0
0
0
0
0
0
0
0
0
0
0
0
0
0
0
0
2
0
0
0
0
0
0
1
0
1
3
0
0
0
0
0
0
0
1
0
0
0
0
0
0
0
0
0
0
0
0
1
0
0
0
0
0
0
0
0
0
0
0
0
0
1
0
1
0
0
0
0
1
0
1
0
0
0
1
0
0
0
0
0
0
0
0
0
0
1
0
0
0
0
0
0
0
1
0
0
1
0
3
0
0
0
0
0
0
0
0
0
0
1
0
1
0
0
0
0
0
0
1
0
0
0
1
0
0
0
0
0
0
0
0
0
0
1
0
0
0
0
0
0
0
0
0
2
0
0
0
0
0
0
0
0
0
0
0
0
0
0
0
0
0
0
0
0
0
0
0
0
0
0
0
0
0
0
0
0
0
0
0
0
0
0
0
0
0
0
0
0
0
0
1
0
0
0
0
1
0
1
0
0
0
1
0
0
0
0
0
0
0
0
1
0
0
0
0
0
0
0
0
0
0
0
0
0
0
0
0
0
0
0
0
0
0
1
0
1
0
0
0
0
0
0
0
0
0
0
1
0
0
0
0
0
0
0
0
0
0
0
0
0
0
0
0
0
0
0
0
0
0
0
0
0
0
0
0
0
1
0
0
0
0
0
1
0
0
0
1
0
0
0
0
0
0
0
0
0
0
0
0
0
1
0
0
0
0
0
0
0
0
0
0
0
0
0
0
0
0
0
0
1
0
0
0
0
0
0
0
0
0
0
0
0
0
0
0
0
0
1
0
0
0
0
0
0
0
0
0
0
0
0
0
0
0
0
0
0
0
0
1
0
0
0
0
0
0
0
0
0
0
0
0
0
0
0
0
0
0
0
0
0
0
0
1
1
0
0
0
0
0
0
0
0
0
0
0
0
0
0
0
0
0
0
0
0
0
0
0
0
0
0
0
0
0
0
0
1
0
0
0
0
0
0
0
0
0
0
0
0
0
0
0
0
0
0
0
0
0
0
0
0
0
0
0
1
0
0
1
0
0
0
0
0
0
0
0
0
0
1
0
0
0
0
0
0
1
0
0
0
0
0
0
0
0
1
0
0
0
0
0
0
0
0
0
0
0
0
1
0
0
0
0
0
0
0
0
0
0
0
0
0
0
0
0
0
0
0
0
1
0
2
0
0
0
0
0
0
0
0
0
0
0
0
0
0
0
0
0
0
0
0
0
0
0
0
0
0
0
0
0
0
0
0
0
0
0
0
0
0
0
0
0
0
0
0
0
0
0
0
0
0
0
0
0
0
0
0
0
0
0
0
0
0
0
0
0
0
0
0
0
0
0
0
0
0
0
0
0
0
0
0
0
0
0
0
0
0
0
0
1
0
0
0
0
0
0
0
0
0
1
0
0
0
1
1
0
0
0
0
0
0
0
0
0
0
0
0
0
0
0
0
0
0
0
0
0
0
0
0
0
0
0
0
0
0
0
0
0
0
0
0
0
0
0
0
0
0
0
0
0
1
0
0
0
0
0
0
0
0
0
0
0
0
0
0
1
0
0
0
0
0
0
0
0
0
0
0
0
0
0
0
0
0
0
0
0
0
0
0
0
0
1
0
1
0
0
0
0
0
1
0
0
0
0
0
0
0
0
0
0
0
0
0
0
0
0
0
1
0
0
0
0
0
0
0
0
1
0
0
0
0
0
0
0
0
0
0
0
0
0
0
0
0
0
0
0
0
0
0
0
0
0
0
1
0
0
0
0
0
0
0
0
0
0
0
0
0
0
0
0
0
1
1
0
0
0
0
0
0
0
0
0
0
0
0
0
1
0
0
0
0
0
0
0
0
0
0
0
0
0
0
0
0
0
0
0
<<END>>
<<DP5 CONFIGURATION>>
RESC=?;    Reset Configuration
CLCK=20;    20MHz/80MHz
TPEA=32.000;    Peaking Time
GAIF=0.9727;    Fine Gain
GAIN=29.999;    Total Gain (Analog * Fine)
RESL=13107;    Detector Reset Lockout
TFLA=1.200;    Flat Top
TPFA=1600;    Fast Channel Peaking Time
PURE=ON;    PUR Interval On/Off
RTDE=OFF;    RTD On/Off
MCAS=NORM;    MCA Source
MCAC=8192;    MCA/MCS Channels
SOFF=OFF;    Set Spectrum Offset
AINP=NEG;    Analog Input Pos/Neg
INOF=DEF;    Input Offset
GAIA=12;    Analog Gain Index
CUSP=0;    Non-Trapezoidal Shaping
PDMD=NORM;    Peak Detect Mode (Min/Max)
THSL=0.683;    Slow Threshold
TLLD=OFF;    LLD Threshold
THFA=11.31;    Fast Threshold
DACO=OFF;    DAC Output
DACF=0;    DAC Offset
RTDS=0;    RTD Sensitivity
RTDT=0.00;    RTD Threshold
BLRM=1;    BLR Mode
BLRD=3;    BLR Down Correction
BLRU=0;    BLR Up Correction
GATE=OFF;    Gate Control
AUO1=ICR;    AUX_OUT Selection
PRET=60.0;    Preset Time
PRER=60.000;    Preset Real Time
PREC=OFF;    Preset Counts
PRCL=0;    Preset Counts Low Threshold
PRCH=0;    Preset Counts High Threshold
HVSE=180;    HV Set
TECS=225;    TEC Set
PAPS=ON;    Preamp 8.5/5 (N/A)
SCOE=RI;    Scope Trigger Edge
SCOT=87;    Scope Trigger Position
SCOG=1;    Digital Scope Gain
MCSL=0;    MCS Low Threshold
MCSH=0;    MCS High Threshold
MCST=0.00;    MCS Timebase
AUO2=ICR;    AUX_OUT2 Selection
TPMO=OFF;    Test Pulser On/Off
GPED=FA;    G.P. Counter Edge
GPIN=AUX1;    G.P. Counter Input
GPME=OFF;    G.P. Counter Uses MCA_EN?
GPGA=OFF;    G.P. Counter Uses GATE?
GPMC=OFF;    G.P. Counter Cleared With MCA Counters?
MCAE=OFF;    MCA/MCS Enable
BOOT=ON;    Turn Supplies On/Off At Power Up
<<DP5 CONFIGURATION END>>
<<DPP STATUS>>
Device Type: DP5
Serial Number: 13140
Firmware: 6.07  Build:  3
FPGA: 6.02
Fast Count: 738085
Slow Count: 186736
GP Count: 1
Accumulation Time: 38.293000
Real Time: 60.000000
Dead Time: 74.70%
HV Volt: 181V
TEC Temp: 228K
Board Temp: 39°C
<<DPP STATUS END>>
