<<PMCA SPECTRUM>>
TAG - live_data
DESCRIPTION - 
GAIN - 5
THRESHOLD - 0
LIVE_MODE - 0
PRESET_TIME - 0
LIVE_TIME - 6.329520
REAL_TIME - 35.400000
START_TIME - 03/07/2018 15:37:20
SERIAL_NUMBER - 0
<<CALIBRATION>>
LABEL - keV
809.65 3.66
810.98 3.66
1816.99 8.05
2012.04 8.9
2012.55 8.9
2393.16 10.55
2393.61 10.55
2862.68 12.612
2862.87 12.612
5717.27 25.27
5718.07 25.27
6460.66 28.48
6462.08 28.48
<<ROI>>
592 1088
5559 5887
6373 6553
<<DATA>>
0
0
0
0
0
0
0
0
0
0
0
0
0
0
0
0
0
0
0
0
0
0
0
0
0
0
0
0
0
0
0
0
0
0
0
0
0
0
0
0
0
0
0
0
0
0
0
0
0
0
0
0
0
0
0
0
0
8
7
5
3
3
4
0
1
6
2
1
3
5
4
3
0
5
2
4
4
1
4
4
5
1
1
3
1
2
2
4
0
5
1
5
1
3
4
1
8
0
3
1
3
9
2
4
4
1
7
4
4
2
6
6
4
2
6
2
7
2
1
5
6
5
3
8
7
7
7
8
3
8
5
7
10
6
8
6
4
7
6
9
4
11
8
11
6
6
6
6
12
6
5
8
12
9
5
8
6
5
6
8
7
6
4
10
4
10
3
8
2
2
6
5
5
4
3
5
5
8
4
7
3
4
4
4
3
4
5
2
5
7
2
2
4
6
5
5
5
2
7
4
3
4
3
1
2
3
1
3
0
4
2
5
5
4
4
2
1
3
6
3
5
4
7
7
3
3
4
1
2
4
6
6
7
2
2
2
3
0
4
3
1
3
3
4
6
4
2
3
2
1
4
3
2
5
1
5
0
4
4
2
0
5
3
1
3
2
2
2
3
4
4
2
2
2
1
5
3
2
1
5
4
5
2
2
5
3
2
2
2
1
3
3
4
2
2
2
2
1
0
2
2
3
2
0
1
3
6
2
1
3
2
1
0
3
1
0
1
2
2
2
2
4
4
2
1
4
1
1
4
1
1
2
3
2
2
1
5
2
3
5
2
3
4
3
5
3
1
1
3
2
3
2
0
0
6
3
2
2
1
4
1
3
0
2
1
3
6
4
1
2
1
3
3
2
2
0
1
3
2
3
9
3
3
2
4
5
2
2
3
3
1
6
2
1
4
3
3
4
4
1
6
4
8
5
8
12
4
8
4
8
7
5
8
7
7
3
9
6
6
1
14
6
1
2
5
6
4
5
10
4
4
5
5
8
7
2
2
4
8
7
3
2
3
7
2
4
4
5
5
3
2
5
3
5
2
3
3
4
3
4
8
6
4
3
5
4
7
7
5
4
5
4
5
5
5
0
4
2
6
4
8
9
4
8
6
6
4
5
5
6
6
16
14
11
9
13
8
10
7
15
12
17
12
11
17
19
19
33
32
27
30
41
53
40
55
51
76
60
57
92
62
80
89
98
109
109
129
132
138
120
149
132
166
195
165
181
159
180
177
179
160
208
186
165
208
169
194
195
200
191
173
204
159
164
180
169
174
148
137
135
150
130
111
135
116
113
107
106
88
91
63
80
66
70
66
57
62
50
46
45
52
42
35
45
44
45
33
42
24
18
34
36
19
32
18
24
22
31
29
26
25
25
22
22
31
23
16
25
21
20
19
13
21
11
13
15
7
16
16
5
14
11
15
5
9
10
8
12
7
6
7
3
4
9
8
5
5
6
11
4
7
10
6
4
13
9
11
11
8
11
10
10
11
10
20
15
21
19
20
22
19
31
36
17
34
32
35
36
32
40
37
41
31
35
29
39
44
37
43
37
40
29
35
34
36
29
39
24
31
23
24
34
20
30
26
21
26
20
17
27
15
20
19
23
18
14
16
12
16
10
14
18
14
18
17
14
15
12
22
12
7
21
15
12
17
8
11
9
12
11
14
16
14
8
9
12
11
14
12
11
9
11
10
8
10
9
9
10
9
11
1
8
5
9
9
9
5
5
7
7
8
9
8
6
7
7
6
8
8
8
11
7
10
10
9
4
11
14
10
5
11
8
9
7
8
6
9
8
7
15
7
5
10
9
8
7
12
4
6
8
7
8
6
1
4
7
6
11
7
8
5
4
5
9
12
5
7
4
8
12
3
7
7
5
10
10
12
10
12
7
11
12
13
4
6
8
9
10
13
11
9
9
11
15
8
6
8
8
11
15
5
10
2
8
6
9
8
3
7
10
8
8
7
7
8
3
6
8
7
5
6
4
6
3
9
3
7
8
4
4
6
4
5
8
2
2
5
2
6
9
3
3
4
1
3
6
4
5
3
5
2
2
4
6
5
7
9
6
6
3
3
5
4
6
8
4
5
5
3
7
5
4
2
4
2
4
10
2
5
6
5
3
4
1
7
5
3
3
2
4
2
2
1
3
2
0
3
2
4
2
0
1
2
4
5
4
3
4
1
3
2
2
6
0
2
1
4
1
2
3
2
1
1
1
3
1
5
2
3
4
0
2
1
4
0
0
2
1
1
4
1
1
4
3
1
3
1
0
1
3
6
7
2
2
1
3
2
1
4
3
2
1
4
3
5
5
3
7
4
6
3
2
7
5
6
3
4
2
5
4
3
9
4
3
2
3
5
5
8
10
9
2
1
6
9
4
6
5
6
8
6
3
3
6
10
8
6
6
5
5
7
5
5
6
7
11
5
6
10
4
5
4
9
7
7
6
8
7
10
7
3
6
8
8
3
7
5
4
3
7
7
4
2
4
6
4
5
5
0
5
8
9
8
8
4
3
10
2
4
6
3
8
2
2
3
3
6
2
6
6
8
8
1
1
3
10
3
2
3
7
8
4
4
4
5
2
9
2
5
6
5
3
5
5
1
3
2
7
7
4
3
0
3
2
3
2
7
2
3
2
5
2
1
2
2
4
4
2
0
6
1
3
2
3
4
2
6
3
2
2
1
6
2
2
4
5
4
4
1
6
1
3
8
3
2
2
4
0
2
4
0
5
1
8
4
4
1
1
2
4
2
3
4
3
2
2
5
2
3
3
3
3
6
4
1
1
3
4
4
5
3
3
3
3
2
4
1
2
2
2
0
3
4
4
3
5
6
1
3
6
5
3
3
8
1
6
5
4
0
1
5
3
5
3
4
4
8
3
4
2
4
5
7
5
2
1
8
3
4
8
3
3
3
3
3
1
2
4
7
4
4
0
2
9
2
5
4
1
3
7
1
4
4
3
5
2
6
1
8
2
4
5
2
2
1
4
7
3
2
1
4
4
5
0
3
1
2
5
5
3
7
8
3
1
4
3
5
5
3
6
3
1
1
6
5
2
5
7
3
9
7
1
1
3
7
5
2
5
1
4
5
4
7
2
2
5
4
6
8
6
2
5
4
4
3
11
5
3
3
6
5
9
7
2
4
9
5
7
2
6
3
3
4
6
6
9
7
4
9
6
7
12
11
7
15
5
9
8
4
9
9
4
10
12
6
4
9
9
12
6
10
6
7
10
10
4
11
12
13
10
12
8
9
13
13
15
21
14
15
7
13
17
17
15
8
15
9
6
17
19
12
13
13
11
9
23
8
16
13
17
10
9
8
6
8
12
16
10
13
11
18
11
11
6
14
9
7
10
3
11
8
6
7
7
6
5
4
11
6
6
5
4
9
6
6
5
3
5
5
2
4
7
10
2
1
3
4
1
8
1
2
4
4
6
5
5
8
1
2
5
2
6
3
7
5
5
3
4
7
4
2
3
4
4
5
2
6
4
6
2
6
4
7
7
5
3
5
5
2
3
11
1
8
7
2
12
7
3
8
5
2
6
6
8
6
6
7
5
4
7
4
4
2
7
3
8
7
6
7
6
2
7
8
13
6
6
7
4
7
5
6
5
10
4
5
0
9
8
5
3
3
10
4
12
7
5
3
1
6
6
8
11
4
6
7
7
6
5
4
2
2
6
4
6
8
6
5
5
7
10
5
3
3
4
6
8
10
3
4
6
5
6
2
2
2
5
3
5
5
6
6
5
8
4
5
7
6
4
5
6
9
6
10
4
4
9
7
4
7
1
9
10
6
6
9
10
9
5
9
9
8
6
2
9
7
15
11
8
4
10
7
14
7
4
9
8
5
6
10
9
4
5
6
13
8
6
7
6
8
6
4
4
15
3
10
5
10
7
2
3
7
11
11
9
5
6
3
6
6
5
9
5
4
7
2
10
3
5
9
7
4
5
2
7
5
3
12
6
4
5
2
9
6
7
3
5
10
5
4
4
10
13
7
4
8
9
3
8
4
9
6
10
7
11
9
9
5
6
9
5
5
5
4
3
6
13
4
4
7
3
6
7
10
4
10
6
7
4
5
9
9
8
12
6
3
5
8
9
7
12
13
14
12
16
11
5
11
15
14
15
9
10
12
12
10
17
14
13
15
13
10
12
16
12
14
10
12
13
13
14
13
16
10
10
9
10
6
12
8
7
8
5
3
6
6
13
8
5
7
9
8
6
12
9
7
9
9
12
6
7
9
7
9
3
8
5
9
9
8
8
10
12
6
5
5
7
6
2
5
12
8
5
7
9
7
8
10
12
15
8
10
4
3
11
14
11
13
9
9
14
6
12
10
8
7
18
11
8
6
9
6
11
7
10
7
9
8
10
9
4
10
7
10
9
5
13
8
7
8
9
4
5
9
8
5
17
9
13
8
8
8
5
10
11
6
9
10
12
10
12
11
11
13
10
11
10
15
13
11
11
9
4
10
9
12
6
5
15
17
11
7
11
8
10
10
13
11
9
7
11
16
6
11
9
8
12
8
11
8
10
8
8
8
5
11
13
12
17
9
14
11
10
12
6
12
8
10
13
7
16
8
14
3
15
10
10
10
5
6
19
3
9
12
8
5
6
12
6
11
6
10
17
19
10
16
24
5
15
12
29
17
18
23
34
24
36
35
30
35
42
40
34
37
49
57
48
57
51
59
42
57
59
65
64
68
59
88
60
82
67
81
65
62
68
83
81
76
89
65
75
70
85
76
64
70
80
86
59
59
62
65
54
54
57
42
48
65
45
43
41
39
32
40
33
24
33
34
22
17
21
28
28
23
25
21
22
13
7
22
15
20
16
14
15
11
13
8
11
7
5
13
10
7
8
11
7
6
5
4
7
9
5
7
11
6
9
13
10
4
16
7
3
7
10
7
7
10
6
5
7
7
14
4
5
8
8
11
6
8
9
6
6
4
9
9
9
7
8
6
6
7
6
8
6
7
4
10
8
8
8
7
13
1
12
3
4
10
8
6
12
8
8
7
4
12
4
10
11
2
4
5
6
7
9
8
9
10
9
6
7
11
7
12
5
14
7
6
9
11
8
8
7
8
15
9
5
8
9
7
7
12
6
10
6
11
9
9
14
8
10
3
9
7
12
14
5
11
10
11
11
10
6
10
7
7
13
11
11
8
6
10
10
11
13
12
11
11
8
10
10
9
6
14
6
15
9
10
14
14
8
13
10
8
13
7
17
15
9
12
9
12
13
8
11
17
11
18
21
11
20
21
12
19
23
26
22
17
34
31
35
32
38
31
47
54
46
67
68
62
89
83
97
92
126
132
121
144
154
141
200
177
195
213
246
259
280
319
347
379
372
448
421
502
519
542
606
646
634
713
825
752
869
845
897
961
972
1069
1065
1193
1163
1258
1203
1414
1407
1285
1441
1423
1485
1456
1552
1453
1581
1554
1481
1587
1568
1535
1565
1535
1458
1472
1492
1390
1367
1312
1398
1277
1296
1218
1130
1107
1036
1060
1011
991
851
892
831
765
739
630
662
539
567
519
506
447
376
383
316
332
299
258
262
241
217
163
159
152
139
127
128
101
86
86
70
69
60
69
55
55
44
36
44
30
40
32
31
29
22
23
24
24
21
16
10
23
24
12
9
16
12
14
12
10
15
11
9
24
12
13
12
9
12
11
9
14
6
9
15
11
14
12
8
7
9
10
11
9
8
10
12
9
8
6
8
10
10
6
14
12
7
5
8
11
8
17
15
8
13
11
11
10
10
10
8
9
7
6
6
10
14
12
17
14
7
13
18
9
13
10
11
21
15
17
16
25
13
20
21
20
10
13
26
19
22
21
23
31
23
26
29
28
26
29
28
35
36
25
29
28
31
28
27
34
30
28
25
26
21
37
31
31
32
36
25
29
19
21
27
16
27
20
17
21
23
37
15
30
20
17
24
13
17
13
14
15
15
15
11
15
10
11
13
12
10
13
9
12
10
9
14
14
11
15
9
10
5
10
6
7
7
6
11
11
8
14
9
8
12
10
5
13
11
8
13
6
5
9
8
3
8
11
10
4
8
6
9
11
9
9
9
11
9
13
13
7
6
10
12
6
9
6
5
7
6
8
6
12
11
17
5
13
9
6
9
11
16
11
12
7
9
9
13
9
10
13
10
9
6
6
10
6
12
8
11
5
10
8
9
17
12
14
13
20
12
19
12
14
19
12
15
15
19
22
19
17
21
18
24
23
31
21
21
24
28
30
30
22
32
28
41
39
38
40
28
38
45
40
43
33
44
39
45
41
52
54
47
60
53
52
54
62
47
70
65
69
69
70
68
74
66
81
78
83
90
95
79
71
67
85
83
84
82
84
95
79
95
88
98
89
96
102
100
132
89
86
97
97
89
84
109
105
124
100
120
95
115
98
107
103
99
126
146
127
137
147
150
155
157
192
188
198
233
267
269
308
301
334
382
408
413
440
508
449
473
499
593
644
625
691
753
759
906
871
886
913
899
1050
1079
1007
1095
1073
1111
1162
1180
1192
1264
1261
1230
1271
1266
1294
1230
1285
1221
1261
1313
1228
1282
1244
1250
1124
1225
1153
1040
1051
1003
1031
905
917
937
834
883
780
775
721
737
676
671
571
623
600
545
508
486
440
446
400
387
362
371
302
340
281
269
239
257
219
190
196
186
181
168
169
144
141
137
133
143
130
113
118
112
105
93
74
83
98
87
84
71
81
72
83
69
75
69
52
90
78
56
59
63
67
56
82
59
67
69
65
52
55
61
48
59
58
42
53
74
44
38
63
57
47
50
33
41
53
51
43
31
33
30
38
26
35
29
31
28
31
31
32
22
18
27
25
18
21
18
12
7
15
12
12
8
14
9
15
8
10
10
5
9
13
7
11
11
8
7
9
9
5
11
8
6
5
4
9
8
10
6
8
7
5
10
11
5
4
6
8
7
5
7
10
8
4
2
8
7
6
6
4
5
2
4
5
5
2
9
11
5
4
4
3
5
6
8
5
5
5
3
3
5
3
2
4
0
5
2
4
3
5
7
4
1
3
0
6
4
5
2
2
7
3
3
2
6
5
1
5
1
1
4
2
4
2
2
1
3
4
2
3
2
2
4
2
2
1
1
8
4
2
3
3
4
3
5
1
6
5
2
3
3
6
4
2
3
2
4
0
1
1
0
0
3
1
4
3
0
3
3
3
3
5
3
3
2
3
1
4
2
3
5
6
4
4
3
4
3
1
1
4
3
1
3
2
4
4
4
1
4
5
2
2
3
4
2
3
0
2
5
4
2
2
6
5
3
1
3
2
2
2
2
3
0
2
2
4
3
3
2
6
5
3
4
3
3
5
4
7
4
7
2
2
4
3
3
2
6
8
2
4
6
6
5
8
3
4
5
3
4
7
5
8
8
7
10
8
5
6
5
6
11
9
6
7
7
9
13
9
9
6
2
6
4
10
7
3
5
6
5
7
6
9
7
7
5
6
3
12
2
7
6
8
5
3
7
2
7
4
4
7
4
7
4
3
4
16
8
4
11
6
7
10
6
6
15
10
15
14
11
16
18
21
15
16
19
17
25
22
30
16
25
29
39
46
37
39
52
57
55
61
59
73
76
56
78
64
75
69
81
80
86
80
109
100
112
111
117
104
98
125
108
109
95
123
110
122
132
141
127
101
125
102
112
113
108
114
96
111
96
100
82
93
77
70
80
82
79
71
81
82
78
73
60
74
70
61
51
43
44
46
47
37
42
43
31
48
30
35
28
12
28
27
17
33
25
23
18
18
28
18
31
32
20
18
21
22
26
33
25
24
31
33
26
17
20
29
29
24
43
41
37
37
27
37
33
35
29
44
33
20
31
46
40
29
38
41
36
46
40
36
40
46
31
39
36
39
40
44
30
36
33
36
29
28
30
28
31
30
29
34
33
23
24
22
24
20
20
25
23
11
13
15
23
14
16
21
9
8
12
9
11
4
12
5
8
12
5
4
13
5
8
8
6
8
5
10
1
3
2
3
4
3
2
4
1
3
2
7
1
2
4
0
2
0
5
2
1
1
3
1
3
4
2
4
3
6
4
3
0
3
4
1
6
5
1
2
5
1
2
4
2
4
3
1
0
6
3
4
6
5
5
7
4
4
5
3
3
2
1
5
3
5
5
8
4
5
2
4
6
3
6
9
3
5
8
4
1
8
4
3
6
5
2
3
6
5
5
6
5
7
6
6
3
4
5
5
2
4
6
3
6
7
3
5
7
1
0
6
4
5
1
3
1
4
1
1
1
5
1
1
1
2
0
1
3
1
1
1
3
1
1
1
3
1
2
1
2
0
0
1
1
0
1
2
1
0
2
1
0
1
2
4
1
2
2
3
1
2
1
3
1
3
2
2
0
2
2
0
2
0
1
2
2
2
3
1
1
1
2
2
0
0
0
1
2
2
2
1
0
0
0
1
0
1
2
1
1
0
1
1
1
2
1
1
0
2
1
1
0
3
1
1
4
0
2
2
1
1
0
0
3
2
3
3
1
1
1
3
0
1
0
2
1
0
2
3
0
0
1
2
1
1
3
0
1
1
3
1
2
3
1
2
0
3
0
0
2
1
1
2
1
4
1
4
1
3
1
1
0
1
3
2
1
3
2
3
3
2
1
2
2
2
1
0
0
1
2
1
1
1
0
1
2
2
2
0
2
2
3
3
1
0
0
0
2
1
1
1
1
2
0
4
2
1
0
1
4
2
1
1
2
0
3
1
1
5
2
2
1
2
2
4
4
1
2
0
2
3
0
0
2
0
1
0
0
0
3
0
1
0
0
1
1
0
1
2
1
0
1
1
3
1
1
3
0
1
3
0
2
2
1
1
1
2
3
0
2
1
1
1
1
3
2
0
1
0
1
4
0
1
2
5
0
1
1
1
3
3
1
0
1
1
2
3
0
1
1
4
0
1
3
4
0
0
2
1
1
2
3
2
0
0
2
1
1
1
1
1
1
0
1
3
1
2
1
0
3
2
0
3
0
0
3
1
0
0
0
0
3
2
2
3
2
3
0
1
3
1
1
3
0
0
2
4
1
3
0
0
4
2
2
3
3
0
1
2
2
1
2
2
0
1
2
3
1
1
4
1
0
0
1
2
2
2
2
3
1
1
0
3
5
1
1
3
0
2
1
0
2
2
2
0
2
1
0
1
0
1
1
4
2
1
3
0
2
1
0
2
4
2
2
0
0
0
1
0
0
2
0
5
3
2
1
2
1
1
0
1
0
0
1
0
3
0
0
4
1
2
0
0
3
1
1
0
0
1
2
1
0
2
2
0
2
0
1
0
0
1
1
1
0
3
1
3
0
3
3
0
1
2
2
1
3
2
0
0
0
1
3
2
1
3
1
0
1
1
1
1
1
2
2
2
0
0
2
0
3
1
1
0
4
0
1
1
0
0
1
0
3
0
4
1
2
0
0
0
1
3
1
2
4
4
1
0
4
1
1
3
3
1
0
2
1
1
1
1
1
1
0
0
1
2
1
1
0
4
1
0
0
2
1
3
1
1
0
2
3
0
0
0
1
3
0
2
2
1
2
4
1
0
1
2
0
0
1
0
0
1
1
0
0
1
1
0
0
0
2
3
2
2
0
1
1
1
1
0
0
2
2
2
2
1
1
1
1
1
2
3
2
1
3
1
0
0
0
3
0
3
1
1
3
1
3
0
1
1
1
0
2
0
0
1
1
3
3
2
1
2
2
3
2
4
4
0
1
0
1
0
3
0
0
0
2
5
0
1
0
1
0
2
0
0
2
1
0
3
3
2
0
1
3
2
1
1
2
0
2
0
1
1
1
1
3
3
1
1
1
4
0
1
0
0
4
0
1
2
2
1
4
1
3
1
0
1
4
2
1
1
1
0
1
1
0
0
1
3
1
4
1
1
0
4
0
1
1
0
2
1
0
1
2
1
2
0
2
0
2
2
3
0
0
2
1
2
3
2
1
2
1
3
1
1
2
0
0
3
0
2
0
1
0
2
0
0
3
0
2
0
2
1
1
1
1
1
2
2
2
1
0
0
0
0
4
0
1
0
0
2
4
0
3
1
3
0
1
1
0
0
0
2
0
2
0
2
0
2
1
4
0
0
3
0
1
0
2
1
2
4
2
0
0
3
2
2
0
2
2
2
3
1
1
1
4
0
1
2
2
2
1
1
2
1
0
3
1
0
0
2
3
4
3
0
2
0
2
2
1
2
4
2
1
1
3
3
2
3
3
1
4
0
0
2
0
2
2
2
3
4
2
4
1
1
0
1
4
1
4
0
1
1
2
1
2
0
1
3
1
3
0
2
0
1
0
0
3
2
1
1
2
3
0
4
2
3
0
0
1
1
1
3
2
2
0
2
0
2
0
1
1
0
3
0
0
0
1
1
1
2
1
2
1
1
1
2
3
1
1
0
0
1
2
1
1
1
2
2
6
1
0
1
0
1
0
2
0
0
0
1
1
4
0
4
2
3
1
2
3
0
0
0
1
1
1
3
1
1
2
1
0
0
1
2
0
0
3
2
2
1
1
0
1
3
2
0
0
0
1
1
3
0
1
1
1
3
0
0
2
2
0
0
0
1
0
1
1
1
2
0
5
1
0
0
1
2
0
1
1
0
3
0
0
4
0
0
2
2
2
4
0
0
2
0
1
1
1
1
1
1
1
3
0
2
3
1
3
0
0
3
0
0
4
0
1
1
1
0
0
1
1
1
3
0
1
5
3
2
3
3
2
1
0
0
3
1
1
0
0
1
1
2
0
1
2
2
1
4
4
2
2
3
4
3
3
5
2
2
3
4
7
5
8
5
4
1
2
1
2
6
5
4
6
5
3
6
8
2
6
8
5
2
5
11
9
6
12
10
6
5
6
14
5
6
7
6
9
9
13
7
6
12
5
10
9
10
4
6
8
7
5
7
4
4
9
8
10
10
6
9
9
3
3
6
4
4
7
12
9
4
9
4
12
3
2
2
5
5
2
7
3
7
3
3
4
4
3
4
2
3
5
4
3
3
3
2
2
2
3
3
2
3
4
3
2
2
1
2
3
2
1
3
2
3
3
1
2
1
1
3
3
4
1
3
0
0
3
2
2
3
2
2
4
2
1
1
2
2
1
0
3
2
2
1
0
2
0
2
0
3
1
1
1
0
1
2
1
1
1
1
1
1
0
1
3
0
1
1
2
1
0
1
1
1
0
3
2
2
1
1
1
2
1
2
2
2
2
1
1
2
2
1
2
2
0
2
1
1
1
4
4
3
3
6
0
3
2
3
2
4
3
2
2
1
2
3
4
1
2
3
4
2
2
3
3
2
3
1
5
3
7
5
1
5
7
6
4
6
2
7
5
3
8
4
8
4
6
7
6
5
5
7
8
8
1
6
7
6
3
6
4
3
3
5
3
7
4
7
11
7
7
5
4
4
4
2
7
6
10
5
10
7
5
7
7
4
5
4
6
2
11
7
7
2
7
6
9
3
7
4
2
3
3
3
8
4
2
4
3
2
9
0
5
2
5
5
1
2
3
4
6
1
1
2
2
5
1
4
2
1
3
1
0
1
3
1
1
3
3
2
0
1
0
0
2
3
0
4
0
3
2
0
0
0
0
0
1
0
2
1
1
0
0
1
0
2
0
2
1
1
3
1
0
0
3
0
2
0
0
3
1
1
1
0
0
1
0
2
1
1
0
2
2
1
2
3
0
2
0
1
1
1
4
1
1
3
0
0
2
2
3
1
1
1
1
0
0
3
1
2
5
0
3
1
2
3
1
2
2
3
1
0
1
1
1
0
0
2
4
3
2
2
4
1
2
7
4
5
1
0
1
3
1
1
3
8
1
4
1
5
0
3
6
3
2
7
5
3
2
5
5
5
6
5
6
8
4
2
7
5
4
7
8
12
4
9
5
10
13
9
9
14
8
12
10
11
10
8
11
9
5
9
9
13
9
16
10
12
14
9
13
13
16
17
12
10
11
9
15
11
8
9
11
10
5
15
8
12
8
10
15
12
12
21
12
8
12
8
11
8
4
7
5
10
8
13
11
9
8
6
1
7
2
4
3
8
10
2
5
3
7
2
5
6
3
1
5
3
5
3
3
4
5
1
5
3
3
4
5
3
3
3
3
4
2
2
4
0
3
2
4
1
2
0
2
3
3
0
3
5
1
0
0
2
2
3
1
4
4
2
1
0
1
1
1
2
1
4
4
0
1
0
1
1
2
1
2
1
1
1
1
1
1
0
1
1
0
0
1
2
0
2
0
0
1
1
3
2
0
2
1
2
0
3
2
1
0
0
0
1
2
1
0
1
2
2
1
0
0
2
0
2
0
1
2
1
3
4
3
0
1
5
0
0
1
1
0
1
1
2
1
2
1
1
1
0
0
4
0
0
3
1
0
0
3
0
2
2
4
0
1
0
1
0
1
0
2
3
0
0
2
0
0
0
1
3
2
1
0
0
2
0
2
0
0
1
0
0
1
1
0
2
0
0
0
2
0
1
3
0
2
0
0
1
2
0
2
1
0
0
1
0
2
1
1
1
2
2
1
2
1
2
0
1
0
0
1
2
0
0
1
1
0
1
0
1
1
1
0
3
1
2
1
0
1
0
2
1
2
0
1
0
0
1
0
0
1
0
0
1
1
0
1
0
1
1
4
1
1
0
1
0
0
1
1
1
1
1
3
0
1
1
1
1
1
0
0
1
0
0
0
1
1
1
2
0
0
1
3
1
0
1
0
3
0
1
0
1
1
4
0
1
1
0
2
2
2
4
0
2
0
4
0
2
0
2
1
0
1
0
1
0
1
1
3
1
2
1
3
4
4
6
4
2
2
4
2
3
1
3
3
1
4
2
6
3
2
6
7
2
2
1
6
0
3
5
5
3
8
2
4
4
1
3
5
2
5
4
4
1
4
3
3
6
0
4
3
3
5
4
1
2
4
2
5
10
6
3
5
4
4
5
6
4
5
9
3
8
4
5
10
4
4
9
6
4
8
9
7
4
9
7
13
5
9
9
10
15
11
6
4
14
10
12
11
6
5
8
5
10
6
8
12
7
2
9
8
14
14
8
6
8
8
10
4
4
9
8
8
5
9
6
7
4
9
4
4
7
8
11
6
4
6
4
3
3
6
2
1
1
1
4
2
3
5
3
3
2
5
0
4
1
3
5
2
4
3
6
3
3
4
3
2
1
3
2
2
4
0
2
0
1
5
1
2
2
1
0
3
1
2
1
0
1
1
1
0
1
0
1
2
0
1
1
2
0
0
1
2
4
3
0
1
1
0
1
3
1
1
2
3
2
0
0
0
0
0
2
2
2
3
2
0
1
1
1
2
2
1
0
0
0
1
0
2
1
0
1
1
3
1
1
0
0
2
1
0
0
0
1
0
2
0
1
0
2
0
1
0
0
1
0
1
2
2
0
4
1
3
2
1
1
1
1
1
1
1
1
0
1
1
0
0
0
2
1
0
0
0
0
1
0
2
0
1
1
0
3
0
0
0
1
2
2
0
0
1
1
1
0
0
1
2
2
0
2
1
0
0
0
2
0
1
0
0
0
3
0
0
0
0
0
0
0
0
0
1
1
1
0
2
0
1
0
2
3
0
0
1
0
1
0
0
1
3
1
0
0
1
1
1
3
1
2
1
1
2
1
2
0
1
0
0
1
4
0
2
1
2
0
0
0
0
1
1
1
0
0
0
2
2
0
1
0
1
0
1
0
0
2
0
0
2
3
2
0
1
0
0
1
1
0
1
1
0
1
0
1
1
0
0
2
1
1
0
0
1
0
1
0
0
0
0
0
0
1
0
1
0
3
1
0
1
1
1
0
2
0
2
0
0
2
1
1
0
0
0
0
1
2
1
0
0
0
0
1
0
0
0
0
0
0
1
1
0
0
2
0
0
0
0
0
4
1
0
1
1
0
0
1
0
0
0
0
0
1
0
0
0
0
1
0
0
0
0
0
0
1
1
0
0
0
0
1
0
0
0
1
0
1
0
1
2
1
0
1
0
0
1
2
0
1
1
0
1
1
1
0
1
2
0
0
0
1
0
0
0
0
0
2
0
1
1
1
0
1
1
1
2
3
1
3
2
0
2
0
1
2
1
0
1
3
1
3
3
1
2
1
0
0
1
1
3
1
0
2
2
0
0
0
1
2
0
2
0
2
2
0
1
2
1
2
1
1
0
2
1
0
0
1
2
0
2
0
0
1
0
0
0
2
1
2
1
0
0
2
1
1
0
2
1
0
0
3
1
0
0
0
4
0
0
2
1
0
1
0
1
0
1
1
1
1
1
2
1
1
1
0
0
0
2
1
1
1
0
1
0
0
1
0
1
1
0
0
0
2
1
1
0
3
1
0
2
0
1
1
1
0
1
2
2
1
1
1
1
0
1
0
1
0
0
0
1
1
2
0
3
1
1
0
1
1
0
1
0
2
1
0
0
0
0
1
1
1
0
0
2
1
1
1
0
0
1
0
0
0
1
0
0
0
0
2
0
0
1
0
0
1
0
0
0
1
0
1
0
0
0
0
0
0
1
0
2
2
0
0
0
1
0
1
0
1
0
1
1
1
1
1
2
0
1
1
0
0
2
2
1
0
0
0
0
1
2
1
0
0
2
1
1
0
1
0
0
0
1
0
1
0
2
0
0
0
1
1
0
1
2
0
0
0
1
0
0
1
1
2
0
0
0
1
0
0
0
1
0
0
0
0
0
1
1
0
1
0
1
1
0
0
0
0
0
1
1
0
0
0
0
0
1
1
0
0
0
1
3
0
0
1
0
0
1
0
0
0
0
0
1
0
0
0
0
0
1
0
0
0
1
1
0
0
0
0
0
0
1
1
0
1
0
2
2
1
2
0
1
0
0
1
1
0
0
0
1
1
0
1
0
0
0
2
1
2
1
0
0
1
0
0
1
0
2
1
0
0
0
0
0
0
2
1
0
0
1
0
1
0
0
0
1
0
0
0
0
1
0
0
1
0
0
0
0
1
0
0
0
0
0
2
1
1
1
0
0
0
1
0
0
0
1
1
0
0
0
0
1
0
0
1
1
1
1
1
1
0
0
1
0
1
1
1
0
0
0
1
0
0
0
0
0
0
0
0
0
0
0
1
1
0
1
2
0
0
0
0
0
0
1
1
2
1
0
0
0
1
1
2
0
0
0
1
0
0
0
0
1
0
0
0
0
0
0
1
0
0
0
0
0
0
0
0
0
2
0
3
0
1
0
0
2
0
0
0
1
1
0
0
0
0
0
1
1
0
0
1
1
0
0
0
1
0
2
0
0
0
1
2
0
1
0
1
0
0
0
0
0
0
1
0
1
0
1
0
2
0
1
0
0
0
2
0
0
1
0
1
0
3
2
0
0
0
0
0
1
1
1
0
0
0
3
0
0
1
0
1
0
1
1
1
0
0
0
1
2
1
0
0
0
0
0
0
0
1
0
1
0
0
0
1
0
0
1
1
0
0
0
2
0
0
0
0
1
0
0
0
1
0
0
0
0
0
2
0
1
0
0
1
0
1
0
0
0
0
1
1
0
0
0
1
1
0
1
0
0
3
0
0
0
3
0
1
0
0
0
0
0
0
0
2
1
0
0
1
0
0
1
0
1
0
0
0
1
0
0
0
2
0
1
0
0
0
0
0
1
0
1
0
0
1
0
0
0
1
0
0
0
0
0
1
0
0
0
0
0
1
0
0
1
0
0
0
0
1
1
0
1
1
1
0
2
1
1
1
1
2
0
0
1
0
1
0
0
0
1
1
1
0
1
0
1
0
0
0
0
1
0
0
0
0
0
0
0
0
0
0
0
1
0
1
0
0
0
0
0
0
1
0
0
0
2
0
0
1
0
0
0
2
0
1
1
0
0
0
1
1
0
0
1
0
1
0
1
0
0
1
1
0
1
0
0
0
0
0
2
0
0
1
0
2
0
0
0
0
0
0
0
0
0
0
0
0
0
0
0
1
3
0
1
2
1
0
0
0
0
1
0
1
0
0
0
0
0
0
1
0
1
0
0
0
0
1
1
0
0
1
0
1
0
0
0
0
0
0
1
1
1
0
1
1
0
0
0
0
0
1
0
1
0
1
0
0
0
0
0
0
0
0
0
1
2
1
0
1
1
2
0
0
0
0
0
0
0
0
0
0
0
1
0
0
1
0
0
0
0
0
0
0
0
0
2
0
1
0
0
0
2
0
1
1
1
1
0
0
0
1
0
0
0
0
0
0
1
0
0
0
0
0
0
0
0
0
0
0
0
0
1
0
0
0
0
0
0
0
1
1
1
0
2
0
3
0
0
0
0
1
1
0
1
1
0
0
1
0
0
1
1
0
0
1
1
1
0
1
1
0
0
0
0
0
0
1
0
0
0
0
2
0
1
0
0
0
0
0
0
0
0
0
0
0
0
0
1
1
0
0
0
0
0
0
1
0
0
2
0
0
0
0
1
2
2
2
0
0
0
0
0
0
0
1
0
0
0
0
0
0
0
0
0
0
2
1
0
0
0
0
0
1
0
1
0
0
1
0
1
0
0
0
1
0
0
0
0
1
0
0
2
0
1
1
0
0
0
1
0
0
0
0
0
1
1
0
0
0
1
1
0
0
1
0
0
0
0
0
1
2
1
0
0
1
1
0
0
0
1
0
0
1
0
0
1
0
0
1
0
0
1
1
1
1
1
0
1
0
0
0
1
0
0
0
0
0
0
0
0
1
0
2
0
1
2
0
1
1
0
0
1
1
0
0
0
0
0
0
0
0
1
0
1
0
0
0
1
1
2
0
0
1
0
0
1
0
1
0
1
0
0
0
0
0
0
0
1
0
0
0
0
0
0
0
0
0
2
0
0
0
0
0
0
0
0
1
2
0
0
0
1
0
0
0
0
1
1
0
1
0
1
0
2
1
0
0
0
0
1
0
0
0
1
0
0
0
1
0
0
0
0
0
0
1
0
0
1
2
1
0
1
0
1
0
0
0
0
0
3
0
0
0
0
1
0
0
0
1
0
0
1
0
0
0
0
1
0
0
1
0
0
0
0
0
0
0
0
0
0
0
2
0
0
0
1
0
0
0
0
0
0
0
0
0
0
0
0
0
1
0
0
0
0
0
1
1
0
0
1
0
1
0
1
1
0
0
0
0
1
0
0
1
0
0
0
0
0
0
0
0
0
0
0
0
0
0
1
0
0
0
0
0
0
0
1
0
0
0
0
0
0
0
0
1
0
0
1
1
0
0
1
0
0
0
0
1
0
0
0
0
0
0
0
0
2
0
1
0
0
0
1
1
0
0
0
1
0
0
0
0
0
0
0
0
0
1
0
0
0
0
0
0
0
0
0
0
0
0
1
0
2
0
0
0
0
0
0
1
0
0
0
0
1
0
0
0
0
0
0
0
1
0
0
0
0
0
0
0
0
0
0
0
1
0
0
0
0
0
0
1
0
0
0
0
1
0
0
0
0
0
0
1
0
1
0
1
0
0
0
0
0
0
0
0
0
1
1
0
0
0
1
0
0
0
0
0
0
0
0
0
0
2
0
0
0
0
0
0
1
0
1
0
0
0
0
1
0
0
0
0
0
0
0
0
1
1
0
1
0
0
0
0
0
1
0
0
0
0
2
0
0
0
0
0
0
1
0
0
0
0
0
0
0
0
0
0
0
0
0
0
0
0
0
0
0
0
0
1
0
1
0
0
0
0
0
0
0
0
0
0
0
0
0
0
0
0
0
0
1
0
0
0
0
0
1
0
2
0
0
1
0
0
0
0
0
0
0
0
0
0
0
1
0
0
0
1
0
0
0
0
1
0
0
0
2
0
0
0
0
1
0
1
0
0
0
0
1
0
1
0
1
1
0
0
0
1
0
0
0
0
0
0
1
0
0
0
0
0
0
0
0
0
0
2
0
0
0
2
0
1
0
0
1
1
1
1
1
0
0
0
0
0
1
0
0
0
0
0
1
0
0
0
0
0
0
0
0
0
1
0
0
0
1
0
0
0
0
0
0
0
0
0
0
0
0
0
0
0
0
0
1
0
0
0
0
0
0
0
1
0
0
0
1
2
0
0
0
0
0
0
0
0
1
0
0
0
1
0
0
0
0
0
0
0
0
0
0
0
0
0
0
0
0
0
0
1
0
0
0
0
0
0
0
1
1
0
1
0
0
0
0
0
0
0
0
0
0
0
0
1
1
0
0
0
0
0
0
0
1
0
0
0
0
0
1
0
0
0
0
0
0
0
0
1
0
0
1
0
0
0
1
1
0
0
0
0
0
0
0
0
0
0
0
1
0
1
1
0
0
0
0
0
0
0
0
0
0
0
1
0
0
0
0
0
0
0
0
0
0
0
0
0
0
0
0
0
1
0
0
0
0
1
1
1
0
0
0
0
0
0
0
0
1
0
0
0
0
0
0
1
0
0
0
0
0
0
0
0
0
0
0
0
0
0
0
0
0
0
0
0
1
0
0
0
1
0
0
0
0
0
1
0
0
1
1
0
0
0
0
0
0
0
0
0
0
0
0
0
0
1
0
0
1
0
0
0
0
0
0
0
0
0
0
0
0
0
0
0
0
0
0
0
0
0
0
0
0
1
0
0
0
0
0
0
0
0
0
<<END>>
<<DP5 CONFIGURATION>>
RESC=?;    Reset Configuration
CLCK=20;    20MHz/80MHz
TPEA=32.000;    Peaking Time
GAIF=0.9727;    Fine Gain
GAIN=29.999;    Total Gain (Analog * Fine)
RESL=13107;    Detector Reset Lockout
TFLA=1.200;    Flat Top
TPFA=1600;    Fast Channel Peaking Time
PURE=ON;    PUR Interval On/Off
RTDE=OFF;    RTD On/Off
MCAS=NORM;    MCA Source
MCAC=8192;    MCA/MCS Channels
SOFF=OFF;    Set Spectrum Offset
AINP=NEG;    Analog Input Pos/Neg
INOF=DEF;    Input Offset
GAIA=12;    Analog Gain Index
CUSP=0;    Non-Trapezoidal Shaping
PDMD=NORM;    Peak Detect Mode (Min/Max)
THSL=0.683;    Slow Threshold
TLLD=OFF;    LLD Threshold
THFA=11.31;    Fast Threshold
DACO=OFF;    DAC Output
DACF=0;    DAC Offset
RTDS=0;    RTD Sensitivity
RTDT=0.00;    RTD Threshold
BLRM=1;    BLR Mode
BLRD=3;    BLR Down Correction
BLRU=0;    BLR Up Correction
GATE=OFF;    Gate Control
AUO1=ICR;    AUX_OUT Selection
PRET=60.0;    Preset Time
PRER=60.000;    Preset Real Time
PREC=OFF;    Preset Counts
PRCL=0;    Preset Counts Low Threshold
PRCH=0;    Preset Counts High Threshold
HVSE=180;    HV Set
TECS=225;    TEC Set
PAPS=ON;    Preamp 8.5/5 (N/A)
SCOE=RI;    Scope Trigger Edge
SCOT=87;    Scope Trigger Position
SCOG=1;    Digital Scope Gain
MCSL=0;    MCS Low Threshold
MCSH=0;    MCS High Threshold
MCST=0.00;    MCS Timebase
AUO2=ICR;    AUX_OUT2 Selection
TPMO=OFF;    Test Pulser On/Off
GPED=FA;    G.P. Counter Edge
GPIN=AUX1;    G.P. Counter Input
GPME=OFF;    G.P. Counter Uses MCA_EN?
GPGA=OFF;    G.P. Counter Uses GATE?
GPMC=OFF;    G.P. Counter Cleared With MCA Counters?
MCAE=OFF;    MCA/MCS Enable
BOOT=ON;    Turn Supplies On/Off At Power Up
<<DP5 CONFIGURATION END>>
<<DPP STATUS>>
Device Type: DP5
Serial Number: 13140
Firmware: 6.07  Build:  3
FPGA: 6.02
Fast Count: 482327
Slow Count: 209595
GP Count: 1
Accumulation Time: 44.259000
Real Time: 60.000000
Dead Time: 56.55%
HV Volt: 181V
TEC Temp: 228K
Board Temp: 40°C
<<DPP STATUS END>>
