<<PMCA SPECTRUM>>
TAG - live_data
DESCRIPTION - 
GAIN - 5
THRESHOLD - 0
LIVE_MODE - 0
PRESET_TIME - 0
LIVE_TIME - 6.329520
REAL_TIME - 35.400000
START_TIME - 03/07/2018 15:37:20
SERIAL_NUMBER - 0
<<CALIBRATION>>
LABEL - keV
809.65 3.66
810.98 3.66
1816.99 8.05
2012.04 8.9
2012.55 8.9
2393.16 10.55
2393.61 10.55
2862.68 12.612
2862.87 12.612
5717.27 25.27
5718.07 25.27
6460.66 28.48
6462.08 28.48
<<ROI>>
592 1088
5559 5887
6373 6553
<<DATA>>
0
0
0
0
0
0
0
0
0
0
0
0
0
0
0
0
0
0
0
0
0
0
0
0
0
0
0
0
0
0
0
0
0
0
0
0
0
0
0
0
0
0
0
0
0
0
0
0
0
0
0
0
0
0
0
0
0
5
5
3
4
6
4
3
3
5
2
5
1
3
4
1
2
4
0
2
3
1
5
1
2
3
4
7
1
1
3
2
1
4
5
6
4
5
5
1
4
3
3
2
0
2
4
7
4
6
3
6
1
4
2
4
4
7
8
5
5
3
7
6
6
5
6
3
6
7
8
7
8
6
5
3
5
8
5
8
5
11
5
6
7
10
8
8
9
11
7
7
7
10
5
7
9
6
7
6
6
9
8
10
6
15
3
6
5
5
6
5
4
4
7
4
7
1
6
11
5
2
7
5
1
4
8
5
6
6
5
6
7
7
4
9
6
7
5
3
3
5
7
6
2
7
1
0
0
7
1
4
2
2
3
7
4
3
6
2
1
3
3
3
3
2
6
5
3
3
3
5
3
5
2
4
3
4
1
8
2
3
3
3
2
7
3
4
1
2
4
6
3
3
1
3
3
3
2
3
1
2
2
2
3
4
1
0
3
3
6
2
0
4
2
2
3
7
4
1
2
3
2
3
3
3
1
1
1
1
1
2
4
5
4
1
3
2
4
2
2
0
2
3
1
1
2
3
4
3
2
4
4
2
4
1
1
2
3
2
2
4
2
5
1
3
4
3
3
0
1
2
2
3
2
2
3
1
2
4
0
4
1
0
3
2
5
2
2
3
4
1
1
1
6
3
1
2
1
1
2
1
4
1
4
5
4
0
0
2
4
3
2
3
3
2
2
5
4
6
5
5
1
2
2
7
5
1
2
2
1
3
2
2
4
6
2
3
6
4
0
5
2
3
3
7
2
5
6
5
8
5
3
3
5
5
7
11
4
2
11
8
8
7
10
8
7
9
4
9
6
5
3
10
4
2
4
7
5
5
0
3
5
5
1
9
4
6
7
4
4
3
3
5
3
7
5
4
4
5
6
2
1
5
2
4
2
2
4
4
3
7
7
2
3
1
3
7
5
3
6
10
3
8
6
4
4
4
5
5
5
11
12
7
12
9
6
8
14
6
10
7
13
8
10
12
17
14
24
23
22
24
34
31
26
34
39
49
48
43
65
77
67
82
90
98
87
116
117
124
136
126
151
128
141
158
148
179
162
190
178
173
197
198
200
204
172
188
201
152
212
173
187
200
175
186
194
188
174
168
169
163
154
140
159
134
124
116
118
127
123
105
106
100
91
63
66
77
64
62
68
62
40
33
49
34
36
41
41
40
25
29
29
31
24
28
25
26
20
38
28
19
29
30
38
22
24
27
18
27
23
22
18
25
17
13
19
19
16
6
17
13
10
14
8
14
8
13
9
6
7
6
6
7
9
5
12
3
4
7
10
3
6
18
4
4
10
8
11
9
6
14
12
19
12
14
9
8
12
16
16
20
21
32
26
28
33
35
36
18
29
42
41
34
38
45
29
42
27
37
40
37
44
34
46
41
42
44
24
37
23
32
26
30
23
21
20
20
20
23
18
22
22
24
17
21
15
19
17
19
17
21
14
17
18
22
10
13
13
14
18
21
12
17
22
17
11
14
13
21
13
18
9
12
12
13
17
18
11
7
14
11
9
10
10
8
7
8
10
9
13
10
11
9
7
6
7
4
9
7
6
5
13
5
9
6
11
6
12
7
11
11
7
8
8
7
11
16
11
8
7
5
5
5
7
10
9
5
3
9
8
7
7
8
11
8
8
4
8
6
1
6
8
7
3
12
10
7
2
8
7
9
4
3
5
7
4
10
8
9
9
13
4
8
8
10
6
8
13
9
8
14
9
6
8
10
10
10
5
10
13
10
6
12
10
15
10
9
17
6
7
12
8
5
14
9
14
9
2
9
8
5
6
2
9
8
5
5
9
4
4
7
8
6
9
4
3
5
6
6
2
11
3
7
10
7
6
2
2
7
6
6
5
7
7
2
9
5
3
4
6
3
4
3
6
5
5
4
4
7
3
3
4
3
4
2
3
2
6
5
5
2
3
7
2
7
4
0
3
3
4
3
7
1
2
6
0
5
5
7
4
4
3
2
3
3
2
1
1
3
4
5
5
3
2
2
0
4
1
3
2
2
3
2
5
2
2
1
2
1
4
5
2
4
1
0
2
3
5
1
4
2
5
1
1
1
1
1
2
3
2
3
1
4
2
2
4
3
1
1
3
1
2
1
2
2
3
2
5
5
2
2
6
2
0
2
6
3
3
5
3
5
1
4
5
5
2
2
5
3
1
3
8
5
6
2
6
5
4
5
5
4
4
4
8
5
10
6
2
5
6
3
5
5
5
4
5
6
6
6
2
5
4
11
4
7
11
7
7
8
9
6
9
3
11
8
6
5
10
8
10
4
6
8
9
6
10
4
7
3
5
3
7
3
5
6
10
7
8
8
4
4
6
5
3
7
3
7
4
1
1
8
2
5
6
2
5
10
6
6
5
3
3
2
4
3
7
4
3
0
5
2
4
1
4
1
6
5
3
6
3
5
4
5
4
0
2
2
3
4
2
5
7
4
2
4
1
4
4
1
3
0
4
2
2
4
1
2
0
3
3
5
3
2
1
2
4
2
2
3
2
1
1
3
3
3
3
0
1
5
4
3
3
1
1
3
0
5
3
5
2
1
3
4
4
1
1
5
3
3
5
2
2
2
7
3
2
3
1
2
2
8
2
3
1
5
2
5
3
3
1
5
2
3
6
1
0
5
4
4
2
7
4
4
2
0
4
0
3
0
0
5
1
3
4
2
2
2
3
5
5
3
6
0
2
3
4
0
3
1
3
2
2
3
4
3
5
0
5
5
4
0
4
4
4
3
3
5
4
3
5
5
6
2
4
4
5
8
4
4
2
6
7
2
3
2
2
2
3
6
6
5
9
1
6
2
2
1
5
9
4
4
4
6
2
5
6
1
5
3
5
1
8
3
4
6
2
3
2
3
4
3
5
1
4
6
5
7
4
2
4
0
2
3
1
7
4
5
5
4
2
5
3
8
2
6
2
2
5
6
4
3
7
2
3
7
2
5
4
5
2
8
9
9
4
5
4
8
6
6
8
6
5
12
2
10
5
8
3
5
7
7
6
6
13
11
7
5
10
10
8
8
8
5
9
3
10
6
9
7
8
9
17
9
4
8
9
7
6
8
14
10
9
19
10
9
11
8
13
8
7
12
15
11
10
13
19
10
12
12
10
13
13
8
19
13
10
9
14
13
14
10
10
18
19
13
18
9
17
7
19
16
12
9
6
2
8
6
5
11
9
4
11
4
6
5
8
8
4
3
7
5
5
6
3
8
7
4
9
4
6
4
6
8
6
7
3
8
5
3
5
5
4
4
4
1
5
2
4
7
5
6
4
7
2
8
3
5
7
0
3
7
7
4
4
2
1
4
3
5
4
5
7
7
4
5
6
5
3
8
7
5
6
5
5
6
9
5
6
6
7
2
3
9
7
1
7
5
6
5
8
7
8
11
6
8
3
3
7
8
3
8
3
6
5
8
7
10
10
6
15
5
7
7
9
6
3
6
8
15
11
6
4
11
7
9
7
9
8
8
8
6
8
5
9
7
11
6
8
3
9
5
6
6
4
2
6
6
6
4
6
2
4
5
7
9
8
5
7
6
4
7
8
3
7
3
6
4
8
3
7
10
3
6
5
8
2
7
9
10
9
9
9
2
4
6
5
5
7
9
8
7
4
9
12
4
15
9
9
9
10
10
14
9
11
11
7
8
11
8
10
6
6
10
9
7
12
7
13
11
12
5
5
8
8
9
7
12
10
7
6
5
6
12
7
10
12
8
6
3
10
6
4
5
6
6
5
8
4
12
5
6
11
4
5
6
4
2
4
6
2
3
9
7
7
6
2
5
6
8
3
5
1
3
6
4
3
5
5
8
2
4
6
5
9
10
10
8
7
5
6
4
5
10
8
11
7
6
8
8
5
5
6
3
1
4
3
4
6
9
7
10
4
5
4
3
10
7
7
5
7
6
6
9
9
5
10
15
9
11
11
7
13
16
9
8
10
10
11
15
15
14
8
13
5
13
9
14
20
15
16
18
18
13
13
8
12
8
6
6
11
13
14
9
8
10
10
9
15
11
10
4
10
8
16
6
10
1
5
5
17
7
10
6
7
10
8
7
5
6
3
9
5
4
8
6
6
4
6
3
4
6
3
11
8
4
8
8
4
8
6
12
8
11
4
11
10
10
8
8
15
3
10
8
10
7
14
13
5
8
11
9
10
8
10
5
11
6
11
7
11
8
9
5
8
4
8
8
17
8
7
10
10
12
9
8
13
6
7
11
6
6
11
9
14
15
7
8
6
5
9
7
6
14
7
6
15
14
11
9
8
12
8
4
11
11
7
6
12
8
12
12
13
9
11
8
11
7
9
14
10
10
12
8
10
10
11
9
10
10
5
7
10
11
8
8
14
8
6
7
9
5
7
7
13
9
14
5
5
5
17
8
11
12
14
8
9
7
5
8
14
9
6
8
6
14
11
6
8
14
6
4
12
4
11
8
13
9
15
11
13
10
12
11
12
10
9
14
13
16
18
21
21
29
16
25
30
22
30
22
36
24
31
28
45
39
48
42
35
45
34
47
45
77
68
56
63
59
66
58
78
68
68
72
77
73
93
75
78
79
79
75
70
96
86
79
77
67
67
75
55
68
63
52
75
52
64
44
35
51
43
39
52
52
37
39
37
29
31
27
22
22
31
16
34
18
18
17
14
16
10
15
14
11
17
8
19
12
4
8
16
9
8
12
8
6
8
10
18
5
8
12
10
10
5
7
4
12
5
4
11
12
9
9
13
14
9
12
9
8
7
11
7
9
11
3
6
7
10
13
9
7
10
7
7
8
4
7
5
9
7
10
8
4
10
7
7
5
12
15
7
6
4
4
12
8
5
10
7
6
8
14
9
6
7
8
7
9
5
4
5
6
3
5
13
9
8
6
5
14
8
10
6
10
6
7
7
8
8
8
2
11
6
13
7
5
9
10
13
11
10
5
7
6
11
5
12
12
9
11
11
10
12
7
9
9
10
5
9
6
6
8
5
10
7
11
10
13
8
18
9
14
9
14
7
9
8
13
9
13
16
10
14
8
2
17
8
17
5
11
7
7
10
16
12
11
8
12
18
8
15
13
11
8
17
7
15
20
19
14
7
25
18
17
27
24
21
17
32
25
28
37
31
22
39
41
48
45
50
52
61
66
48
69
69
89
113
105
121
118
132
134
190
174
203
234
202
258
266
290
308
345
345
371
440
424
471
474
573
550
637
695
643
837
795
866
830
958
1002
1019
1070
1054
1197
1211
1268
1261
1341
1385
1375
1424
1364
1485
1403
1570
1449
1570
1527
1606
1587
1554
1516
1425
1546
1604
1405
1469
1354
1380
1325
1356
1230
1266
1208
1145
1159
1066
1068
937
991
897
938
845
702
742
681
706
513
557
493
415
447
393
390
336
337
297
296
259
200
213
166
188
151
147
111
110
106
96
76
65
71
72
61
51
42
50
35
39
35
34
32
23
35
22
20
29
27
19
14
21
18
17
22
18
12
18
21
9
15
12
11
12
8
14
19
16
5
18
14
13
7
6
11
9
6
11
9
11
9
6
11
8
11
5
11
15
16
9
11
7
11
13
4
10
9
5
6
7
8
10
10
10
11
8
4
8
8
14
12
10
13
13
9
8
7
10
7
17
9
13
9
15
9
10
13
12
11
18
20
11
17
16
29
15
18
26
18
20
23
27
17
32
24
27
31
29
31
21
24
27
30
36
35
28
31
33
36
32
28
27
33
30
32
35
38
36
41
26
28
37
26
28
28
28
24
26
26
23
22
26
22
15
22
14
16
19
22
16
19
17
15
19
13
12
11
15
19
11
12
14
7
11
13
16
12
7
10
11
8
14
8
15
10
10
8
11
11
6
9
10
10
9
6
9
11
10
8
12
9
8
6
8
8
11
11
9
8
9
11
10
7
12
5
7
9
6
5
7
11
11
6
7
10
12
10
10
5
10
8
7
10
10
4
6
9
5
9
11
9
6
6
8
6
4
9
14
6
8
12
10
8
9
10
9
11
8
8
9
12
12
14
7
7
11
7
10
7
7
8
11
10
20
13
19
21
23
16
12
16
8
17
23
15
19
21
32
26
30
20
34
28
32
39
39
29
27
29
42
40
37
34
45
39
42
40
56
43
46
49
62
51
58
50
56
61
62
52
54
62
67
78
63
57
72
79
79
72
73
79
76
56
76
90
81
106
92
67
89
84
79
82
114
87
97
90
107
87
86
102
83
96
92
90
103
100
112
91
93
85
101
100
113
116
115
98
120
118
126
149
138
156
174
125
191
162
200
220
225
261
211
300
300
327
354
367
410
430
464
494
529
556
582
576
654
672
741
771
745
891
853
939
833
1008
988
1017
1155
1011
1160
1146
1182
1223
1282
1268
1148
1311
1276
1320
1247
1283
1241
1253
1327
1236
1245
1159
1215
1193
1173
1178
1011
1091
1036
1069
989
994
879
940
803
772
802
699
729
660
691
597
640
593
507
476
446
481
424
415
385
347
358
294
285
292
281
262
225
230
195
234
169
178
169
181
151
146
162
138
125
118
127
117
92
105
112
93
94
86
66
96
77
71
86
72
80
76
70
60
62
80
77
67
69
57
76
54
62
47
68
40
64
38
79
53
74
47
57
43
48
65
32
48
46
52
39
42
40
47
37
34
32
37
36
33
35
31
26
35
29
31
25
30
26
21
17
20
14
15
13
13
18
18
8
14
8
14
15
7
12
9
15
8
5
4
6
9
8
10
10
12
11
5
5
8
2
5
8
8
6
4
6
5
9
6
6
5
3
8
7
8
8
13
8
5
7
6
5
6
12
3
4
5
7
6
3
3
4
6
6
5
8
2
6
4
5
7
4
7
1
3
2
6
7
4
1
3
0
2
5
2
2
6
4
6
4
7
3
2
4
2
2
5
1
3
0
8
3
2
4
4
2
4
3
4
2
2
3
9
5
4
2
2
3
3
2
1
3
2
2
2
0
7
1
2
1
4
5
3
4
5
4
5
1
5
4
5
0
6
5
3
1
4
6
2
3
1
2
2
3
2
1
6
0
3
6
1
4
4
3
2
2
3
3
4
3
5
2
4
4
2
2
4
5
5
2
4
2
2
5
2
2
1
2
3
2
2
2
6
2
1
5
3
3
1
6
5
1
2
3
1
2
5
5
5
3
2
4
2
5
2
2
1
0
3
4
0
6
7
4
5
1
6
5
3
3
1
5
3
8
5
8
6
8
5
2
7
3
6
8
5
7
7
6
8
5
6
6
2
7
3
6
7
4
5
7
7
4
14
8
12
7
4
6
4
4
9
4
8
8
7
6
8
8
3
5
6
7
8
2
1
3
5
6
4
6
6
6
2
4
6
6
3
8
7
9
6
10
4
8
8
10
7
5
12
9
6
10
8
11
21
16
12
11
24
23
22
25
17
22
32
24
34
23
24
39
48
43
33
44
50
55
52
56
78
65
65
60
75
74
85
78
76
89
102
93
92
96
106
113
104
115
109
111
115
123
122
114
130
136
116
136
130
125
130
122
100
115
112
115
106
100
91
95
106
94
91
98
74
92
78
76
75
77
76
58
63
54
50
37
47
46
43
45
56
50
29
39
31
25
26
22
27
22
26
23
28
22
23
31
16
24
20
20
19
26
29
22
29
16
27
23
24
24
31
20
31
30
27
30
29
24
40
32
33
33
30
30
34
34
25
34
32
33
28
28
32
44
35
50
38
40
33
30
37
39
31
31
25
36
36
34
34
30
29
33
25
23
26
32
37
28
22
23
18
20
22
13
21
21
21
11
21
20
19
10
6
5
10
6
12
16
8
6
5
5
9
9
8
8
10
3
5
9
4
4
14
6
6
9
5
6
3
3
3
6
1
4
3
4
0
4
2
3
2
4
0
4
2
4
2
7
0
2
4
3
2
3
3
2
2
6
3
3
5
2
3
4
1
4
5
7
2
0
5
3
2
2
6
0
5
4
6
6
7
3
5
7
5
2
4
6
7
5
6
5
5
5
6
3
1
7
3
6
5
5
4
4
5
1
4
5
5
2
5
8
7
5
6
4
0
5
7
1
7
5
6
3
5
2
5
2
4
6
4
3
2
0
1
1
1
6
3
4
2
3
1
1
3
4
2
1
2
0
1
4
1
1
0
1
1
0
2
5
2
1
2
1
2
2
1
0
1
3
3
1
1
1
2
0
2
1
1
0
4
2
3
0
1
1
1
0
1
2
2
3
1
2
3
3
2
1
2
4
3
1
3
1
0
0
1
2
2
0
4
1
0
0
2
1
0
1
2
1
1
2
1
3
2
1
2
1
2
1
0
0
3
4
3
2
1
1
0
0
1
2
4
0
2
0
3
0
0
0
0
3
3
2
1
1
0
3
2
3
2
1
0
1
1
3
0
2
1
1
0
4
2
2
1
1
3
3
2
0
0
2
0
0
2
3
1
3
2
1
3
0
0
0
1
0
1
2
2
1
0
0
2
1
1
2
1
0
0
1
3
4
2
2
3
3
0
1
0
3
3
1
2
1
1
1
2
1
0
3
0
1
2
1
2
1
1
3
1
0
0
3
1
3
2
2
1
0
2
2
1
1
3
1
3
1
1
2
0
4
0
1
2
2
1
1
2
2
3
2
2
2
1
0
4
1
0
3
0
5
0
0
2
2
0
1
2
1
0
3
2
2
1
2
0
1
2
0
3
1
1
1
2
2
0
3
2
2
0
1
2
3
1
2
0
3
3
0
1
3
1
1
0
4
0
1
2
0
1
2
2
2
0
2
1
1
1
0
0
3
3
1
1
1
1
0
1
2
0
1
2
1
2
1
0
2
1
1
2
3
0
4
0
1
0
0
1
2
0
1
1
4
2
1
2
0
1
0
1
1
2
0
1
2
0
1
0
2
1
1
3
1
2
2
4
0
0
0
3
3
1
1
3
1
2
1
0
1
3
3
0
1
0
4
0
2
0
0
3
2
0
3
3
3
1
4
0
3
1
0
2
1
1
2
2
2
2
1
1
3
1
1
1
0
1
4
1
1
2
2
2
0
1
0
2
1
0
2
1
0
0
1
0
0
1
1
1
0
3
3
0
3
1
1
4
1
2
2
2
2
1
0
0
0
2
0
2
3
1
0
1
3
0
0
1
2
0
1
1
0
0
2
0
1
1
1
3
5
0
6
0
2
1
0
1
1
2
0
1
1
1
1
2
2
2
1
2
2
2
0
3
1
2
1
1
4
2
0
2
1
1
1
1
0
1
1
4
1
0
1
2
0
3
1
1
4
1
2
2
2
2
1
2
2
0
1
1
0
0
1
5
3
1
3
0
2
3
2
3
0
0
2
3
1
3
1
1
2
2
2
0
1
0
1
0
0
1
0
2
3
1
2
0
2
0
0
0
2
0
0
0
2
1
1
1
1
0
0
1
1
0
0
3
1
3
0
1
1
2
1
1
0
0
1
1
0
0
2
0
2
1
1
2
2
3
0
2
1
1
1
1
1
1
4
1
1
1
0
1
2
0
1
3
2
1
1
1
0
1
1
1
3
0
2
0
1
2
1
1
0
0
2
1
0
1
0
1
2
2
2
0
0
0
1
1
1
1
0
1
1
1
1
3
0
0
0
3
0
3
2
2
2
1
4
1
0
1
1
3
2
3
1
1
1
0
3
4
2
2
0
2
1
0
3
0
0
3
2
2
3
0
0
0
0
1
2
0
0
1
1
1
2
0
1
0
1
0
0
0
1
0
1
2
1
1
1
3
2
1
1
1
2
1
2
3
0
0
0
1
0
2
4
2
1
2
1
0
2
2
1
4
2
1
2
0
2
2
1
1
0
1
3
0
1
0
1
0
1
2
0
0
0
0
0
1
4
2
1
1
3
1
0
4
0
0
2
2
0
0
1
1
0
0
1
1
0
1
2
1
3
1
1
1
2
1
1
0
0
3
1
0
0
0
0
1
0
0
2
0
1
3
2
2
0
2
1
2
2
1
0
3
0
1
2
3
1
2
4
0
0
0
5
0
0
2
0
2
2
1
1
2
4
1
1
3
2
0
1
1
1
1
2
1
0
0
1
2
2
3
0
2
3
1
1
2
4
0
1
2
0
2
3
2
1
0
2
2
1
2
2
0
1
3
1
2
1
0
3
2
0
3
0
1
1
2
2
2
2
0
1
0
1
2
1
1
1
0
1
1
2
0
4
2
2
0
1
1
1
0
0
0
0
1
1
2
2
1
0
1
2
1
1
1
3
3
0
3
0
1
2
4
1
1
2
1
1
1
2
0
2
1
3
0
2
1
1
1
2
1
2
2
1
0
2
1
1
2
1
1
1
3
2
0
1
1
0
2
0
1
1
2
0
1
1
1
1
0
1
1
0
3
0
3
2
2
4
2
0
1
2
1
2
2
2
2
6
0
2
2
0
1
1
2
0
1
0
2
4
1
0
1
1
2
0
0
1
2
3
0
2
0
2
1
2
1
2
1
0
1
0
0
1
2
1
0
3
2
5
3
1
2
2
0
0
0
0
1
2
0
1
0
1
1
1
2
2
1
2
2
2
2
2
3
4
2
1
0
3
0
2
2
2
0
1
0
0
1
4
3
1
0
1
4
1
3
1
1
2
5
1
1
2
4
1
3
4
1
4
6
4
3
3
5
1
2
4
0
2
5
2
3
3
4
2
3
1
6
5
1
10
3
7
5
10
6
3
4
0
4
4
5
3
6
2
5
5
4
9
7
5
4
8
3
4
9
6
6
8
8
14
4
6
12
14
11
7
16
10
12
8
6
9
9
9
6
7
6
8
7
5
4
4
6
12
6
8
4
4
5
1
7
4
6
5
4
7
4
5
4
6
5
2
3
7
1
2
3
5
0
1
2
5
5
1
3
1
1
1
2
5
3
3
2
1
3
2
4
1
1
1
2
5
0
0
3
1
1
1
2
2
0
4
3
0
1
1
2
3
1
1
4
1
0
1
2
1
0
2
1
0
1
1
0
1
1
0
1
0
3
1
2
2
0
1
0
0
2
3
1
0
0
0
0
0
2
1
1
3
2
0
1
1
1
1
1
0
2
2
3
1
1
2
1
2
3
2
0
4
3
1
2
3
1
4
1
2
1
3
2
1
6
2
1
2
3
4
2
2
6
2
3
4
1
2
4
4
2
4
7
1
2
2
3
4
3
7
3
7
3
3
4
3
3
3
5
5
3
4
3
3
3
3
5
6
3
5
7
8
4
5
7
11
3
4
3
6
7
7
4
11
6
7
8
10
6
7
6
5
8
5
7
8
5
7
8
7
5
7
6
5
4
6
5
6
2
5
6
6
4
8
9
11
5
4
4
6
6
4
4
4
10
2
10
3
4
4
4
3
4
1
2
2
5
3
1
5
4
1
2
3
1
2
4
0
2
4
1
2
4
0
4
0
0
1
0
1
1
1
3
0
3
1
1
0
1
0
0
2
0
0
1
0
3
0
0
3
1
1
0
0
0
1
0
2
1
0
1
2
2
1
2
1
1
0
1
0
0
1
0
2
3
0
2
1
1
0
1
0
2
2
0
1
3
0
1
0
1
5
1
0
1
0
1
2
1
2
2
1
4
1
0
1
1
3
0
1
4
2
2
0
3
0
3
2
1
2
2
2
2
4
2
2
3
2
3
1
3
1
1
2
4
2
2
1
0
0
2
1
2
5
1
1
1
3
1
1
4
2
3
3
5
2
6
3
6
2
3
3
5
1
3
7
4
5
7
2
6
4
5
4
6
8
9
5
10
9
10
8
10
9
9
13
8
15
6
13
9
7
8
16
16
12
11
15
20
15
11
18
18
13
13
12
14
13
11
9
16
15
10
13
14
11
16
15
11
12
6
14
9
14
14
10
13
12
13
12
16
12
13
7
4
12
10
4
8
8
4
5
5
10
7
6
3
5
1
11
12
7
6
6
5
7
3
5
5
6
4
5
2
4
3
3
3
1
0
0
2
3
1
0
1
0
2
1
2
2
0
2
3
2
0
2
1
0
2
2
1
1
3
1
1
3
2
5
2
2
2
2
1
1
1
3
1
2
0
1
0
3
0
2
1
3
1
1
1
1
2
0
1
0
0
2
1
1
0
1
3
2
1
1
2
1
1
2
0
1
4
0
0
0
1
0
0
0
1
2
1
0
2
1
1
2
2
2
1
0
0
1
0
2
0
0
1
0
1
1
1
1
2
0
2
1
1
0
0
0
1
1
2
0
1
1
4
4
0
1
0
0
4
2
1
1
1
1
2
1
1
0
0
1
1
2
0
4
0
0
3
2
0
0
0
1
0
1
2
1
0
0
0
0
0
0
2
3
1
1
1
1
1
1
0
1
1
0
0
0
2
1
1
1
0
0
1
1
2
0
0
1
0
1
3
0
0
1
0
0
0
4
0
2
2
1
3
2
1
0
1
0
1
0
1
0
1
1
0
0
2
1
1
2
1
2
0
1
0
0
0
0
2
1
2
1
0
1
0
0
0
1
0
0
0
3
1
2
2
0
0
0
0
1
1
0
1
1
1
0
0
1
1
2
1
0
1
1
1
1
1
1
2
0
1
0
2
1
1
1
1
1
0
0
1
1
2
1
0
2
2
2
0
3
2
2
0
2
2
2
1
0
2
1
1
2
2
0
0
3
1
1
3
1
1
1
5
4
1
0
1
4
5
1
1
4
1
2
2
0
4
2
3
1
2
8
0
5
2
0
4
2
4
3
3
3
5
2
3
3
1
4
3
3
2
4
5
2
6
2
7
1
3
6
2
3
1
2
6
6
2
2
3
4
3
2
6
6
7
3
3
1
5
8
6
4
1
5
3
4
3
5
6
8
5
8
7
5
3
8
8
5
8
12
9
7
5
6
7
11
10
6
8
10
9
5
8
7
4
3
2
8
9
6
12
7
10
9
7
6
10
14
10
5
10
6
4
7
8
5
3
3
8
10
5
9
7
8
5
9
4
4
3
6
6
5
5
7
2
5
3
1
6
4
9
3
7
6
5
6
4
1
4
4
1
5
3
3
1
3
1
2
2
2
1
1
2
5
3
4
1
2
0
2
1
1
4
2
0
1
2
3
1
2
2
1
1
2
2
2
0
2
5
1
2
2
1
2
1
0
2
4
1
0
1
4
2
5
1
1
2
1
1
0
1
1
0
0
0
0
3
1
1
0
1
0
2
2
2
1
1
3
0
1
1
0
1
3
0
0
0
0
0
0
0
3
0
1
1
2
0
3
0
1
1
2
0
0
2
0
2
0
1
0
1
0
1
0
2
0
1
1
0
0
1
1
1
1
1
2
0
1
0
2
2
1
0
1
2
1
0
1
1
1
0
0
1
0
1
0
0
1
0
1
1
0
0
0
2
1
3
0
1
0
0
0
2
0
3
0
0
0
0
0
0
2
1
0
1
0
3
3
0
2
2
0
0
0
0
1
1
2
1
1
0
1
2
1
1
0
1
0
4
0
1
3
1
0
3
0
1
2
2
0
1
1
0
2
1
0
0
1
1
2
1
0
1
3
0
0
0
0
0
0
1
0
1
1
0
3
1
0
0
1
0
0
0
1
0
0
1
1
0
0
0
1
0
0
1
3
0
3
0
0
2
1
0
0
2
2
1
0
0
0
0
0
1
2
0
1
0
0
0
0
1
1
0
0
0
1
1
0
0
0
0
0
0
0
0
0
1
1
0
0
0
1
0
0
0
0
3
0
1
0
1
1
1
1
1
0
1
0
1
3
0
2
1
1
0
0
1
1
1
3
0
1
1
0
1
0
2
0
1
0
0
0
0
2
0
0
0
0
0
0
1
1
1
2
1
2
1
3
0
1
0
0
1
1
1
0
0
1
0
0
0
1
1
1
1
0
1
3
0
2
0
1
3
0
0
1
1
3
2
0
0
0
0
0
0
2
0
0
3
0
1
0
1
1
2
0
0
0
1
3
0
1
2
5
1
2
1
0
0
2
1
1
0
0
2
0
0
1
0
2
3
6
0
1
2
3
2
2
3
1
0
0
0
0
4
1
1
1
1
1
0
1
0
2
0
0
0
2
0
1
0
0
0
0
4
0
2
0
0
0
0
1
1
0
0
1
0
0
2
1
0
0
2
1
0
1
0
1
2
0
1
2
0
1
1
1
0
1
3
0
1
1
0
2
0
1
2
2
1
2
1
1
1
0
1
2
1
1
2
0
1
1
2
2
0
1
1
1
0
2
0
1
1
2
0
1
3
2
0
0
0
0
2
0
2
1
0
2
1
0
4
1
1
2
0
2
0
0
0
0
0
0
0
0
0
0
0
0
0
0
0
0
0
0
2
1
0
0
0
0
1
2
1
1
1
0
1
0
0
0
0
1
0
0
0
0
1
1
2
0
0
0
0
1
0
0
0
0
1
0
0
1
1
0
2
0
1
1
2
1
0
0
0
0
0
0
2
0
2
0
0
1
0
0
0
0
1
1
0
0
1
0
1
0
1
1
1
0
0
2
0
0
3
0
0
0
0
1
0
0
2
0
0
0
3
1
1
0
0
0
2
0
0
1
2
0
1
2
2
1
2
0
0
0
0
1
0
0
1
0
0
0
1
1
0
1
0
0
0
0
0
0
2
0
1
0
0
0
1
1
0
0
1
0
0
0
0
0
0
0
0
1
1
1
0
1
0
0
1
1
1
0
0
1
1
0
0
0
1
0
1
0
0
2
0
0
1
0
0
1
2
0
1
1
0
1
0
0
0
0
1
0
2
0
1
1
0
1
0
0
0
0
1
1
0
0
0
0
1
1
0
0
0
0
1
2
0
0
0
0
0
1
0
0
0
0
0
0
1
0
1
0
0
0
0
1
0
0
0
0
1
0
2
1
0
1
0
0
1
0
0
3
2
1
0
0
0
1
1
0
3
0
0
1
0
0
0
2
1
0
0
1
0
0
1
0
0
0
1
0
0
0
0
0
1
1
0
1
0
0
0
0
0
0
0
0
1
2
0
2
0
1
0
1
1
0
1
1
0
0
0
0
0
0
3
1
0
1
0
0
0
0
0
1
0
0
1
0
0
1
0
1
0
0
0
0
1
0
2
0
0
0
0
0
0
2
1
1
2
0
1
0
0
0
0
0
1
0
1
0
1
1
0
0
1
0
0
0
1
0
1
0
0
0
0
1
0
1
0
0
0
2
1
0
2
2
0
1
0
1
0
1
0
0
1
0
0
0
1
0
0
2
0
1
0
0
0
0
0
0
0
0
0
1
0
1
1
0
0
1
1
0
1
0
1
0
1
1
0
1
0
0
1
1
0
0
1
0
0
0
0
0
2
0
0
1
1
0
0
0
0
1
0
1
1
0
0
0
0
0
0
1
1
2
1
1
0
0
0
1
0
1
1
0
0
0
1
0
1
0
0
1
0
0
0
0
0
0
0
0
0
0
0
0
0
1
1
0
0
0
0
0
0
1
0
0
0
0
1
0
0
0
0
0
2
0
0
2
1
1
0
1
1
1
1
0
1
0
0
1
0
0
0
0
0
0
0
0
0
0
0
0
2
0
1
1
0
0
0
0
0
1
0
0
0
0
0
0
0
0
0
1
0
0
2
1
0
0
0
0
0
0
0
1
0
0
1
0
0
0
0
0
0
0
1
0
0
1
0
0
1
1
0
0
0
0
0
0
1
0
1
0
0
0
0
0
0
0
0
0
0
0
0
0
1
0
0
0
0
0
1
0
0
1
0
1
0
1
2
0
0
0
0
0
0
0
1
0
0
0
0
0
1
1
2
0
0
0
2
0
1
0
1
0
1
1
1
0
0
1
0
0
0
4
0
1
0
0
0
0
0
0
0
0
0
0
1
1
2
1
0
1
0
0
0
0
1
0
0
0
0
1
0
1
1
0
0
0
0
0
0
0
0
0
0
0
1
0
0
0
0
0
1
2
0
0
1
0
0
0
1
0
1
1
0
1
0
0
0
1
0
0
0
0
0
0
1
0
0
0
0
0
0
0
2
0
0
3
0
0
0
2
0
1
1
0
0
0
0
0
1
0
0
0
0
0
0
3
1
0
0
0
0
0
0
1
1
1
1
1
1
0
0
0
0
2
1
0
0
2
0
1
0
0
0
0
0
0
0
0
1
0
0
0
0
0
1
1
0
0
0
1
1
0
1
1
0
0
0
0
0
0
1
1
1
0
2
1
2
0
0
1
0
1
0
1
0
0
0
0
0
0
0
0
0
2
1
1
0
0
0
1
1
0
0
0
1
0
0
0
0
0
0
0
0
0
0
0
1
0
0
0
0
1
0
0
1
0
0
0
1
0
2
0
0
1
0
2
0
0
0
0
1
0
0
2
0
0
0
1
0
0
0
0
0
0
0
0
1
0
0
1
0
0
0
0
0
0
1
0
1
0
0
0
2
0
0
0
0
0
0
0
0
1
0
0
0
2
1
1
0
1
0
0
0
1
1
0
0
0
0
1
1
0
1
1
0
0
0
0
0
0
0
0
0
1
0
0
0
0
0
0
0
0
0
0
0
0
1
0
0
0
0
0
0
0
0
0
0
0
2
0
0
0
0
0
0
0
1
0
0
0
0
0
1
0
1
0
1
0
0
0
1
0
1
0
0
0
1
0
0
0
0
0
0
1
0
0
0
0
0
1
0
0
0
1
0
1
0
0
0
0
0
0
0
0
0
0
0
0
0
0
0
0
0
0
0
0
0
0
1
0
0
0
0
0
0
0
1
0
0
0
0
1
0
0
0
1
0
0
0
1
0
0
0
0
0
0
0
1
0
0
0
0
0
1
0
0
0
2
0
1
0
1
0
0
0
1
0
1
0
0
0
0
1
0
1
0
0
1
0
0
0
0
0
0
0
1
2
0
1
0
0
0
0
0
0
0
0
0
0
0
0
0
0
1
1
1
0
0
0
1
0
0
0
1
0
0
0
0
0
0
0
0
0
0
0
0
0
0
0
0
1
0
0
0
0
0
0
0
0
0
0
0
1
0
0
0
0
0
0
0
0
1
1
1
0
0
0
2
0
0
1
3
0
0
0
0
0
1
0
0
0
0
0
0
0
0
0
0
0
0
0
0
0
0
0
0
0
1
0
0
0
0
1
1
0
0
0
1
0
1
0
0
0
0
0
0
0
0
0
0
0
0
0
0
0
0
0
1
0
1
0
0
0
0
0
0
0
0
0
2
0
0
0
0
1
2
0
0
1
0
1
0
0
0
0
2
0
0
0
0
0
0
0
0
1
0
0
0
0
0
1
1
0
0
0
0
0
0
0
0
0
0
0
0
0
0
0
0
0
0
0
1
0
0
0
1
0
0
0
0
0
0
0
0
0
0
1
0
1
0
2
0
0
0
1
1
0
0
1
0
0
0
0
0
2
0
1
0
0
0
0
0
0
0
0
0
2
0
0
0
0
0
1
2
0
0
0
0
0
0
1
0
0
0
0
1
0
0
1
0
1
0
0
0
0
0
0
0
0
1
0
0
1
0
0
0
1
0
0
0
0
0
0
1
0
1
1
0
0
0
0
0
0
0
0
1
0
0
0
0
1
1
0
0
0
0
0
0
0
1
0
0
0
0
0
0
0
0
0
0
0
0
0
0
0
0
0
0
0
1
0
0
0
0
0
0
0
0
2
0
0
0
0
0
0
1
0
0
0
0
0
0
0
0
0
0
0
0
0
0
0
0
0
1
0
0
1
1
0
1
0
0
0
0
0
0
1
0
0
1
0
0
1
0
0
0
0
0
0
1
0
1
0
0
0
0
0
0
0
0
1
0
1
0
0
0
1
0
0
0
1
0
1
0
0
0
0
0
0
1
0
0
0
0
0
2
1
0
0
0
0
0
0
0
0
0
0
0
0
1
0
0
0
0
0
0
0
0
0
1
0
1
0
0
1
0
1
0
0
0
0
0
0
0
1
0
0
0
0
0
0
1
1
0
0
1
0
0
0
0
1
1
0
0
0
0
0
0
1
0
0
0
0
0
1
0
0
0
0
0
0
0
1
0
0
0
0
0
0
0
0
0
0
0
0
0
0
0
0
0
0
0
1
0
0
0
0
0
0
0
0
0
1
1
0
0
0
0
0
1
0
0
0
0
0
0
0
0
0
1
0
0
0
0
0
1
0
0
0
0
0
0
0
0
0
0
0
0
0
0
0
0
0
0
0
0
0
1
3
1
0
0
0
1
0
0
0
0
0
0
0
0
0
0
0
0
0
0
1
0
1
0
1
0
0
0
0
0
0
0
0
0
0
1
0
0
0
0
0
0
0
0
0
0
0
0
0
0
0
0
0
0
0
0
1
0
0
0
0
0
0
0
0
0
0
1
0
2
0
0
0
1
0
0
0
0
0
0
0
1
1
0
0
0
0
0
0
0
1
0
0
0
0
0
0
0
0
0
0
0
0
0
0
0
1
0
1
0
0
0
0
0
0
0
0
1
0
1
0
0
0
0
0
0
0
0
<<END>>
<<DP5 CONFIGURATION>>
RESC=?;    Reset Configuration
CLCK=20;    20MHz/80MHz
TPEA=32.000;    Peaking Time
GAIF=0.9727;    Fine Gain
GAIN=29.999;    Total Gain (Analog * Fine)
RESL=13107;    Detector Reset Lockout
TFLA=1.200;    Flat Top
TPFA=1600;    Fast Channel Peaking Time
PURE=ON;    PUR Interval On/Off
RTDE=OFF;    RTD On/Off
MCAS=NORM;    MCA Source
MCAC=8192;    MCA/MCS Channels
SOFF=OFF;    Set Spectrum Offset
AINP=NEG;    Analog Input Pos/Neg
INOF=DEF;    Input Offset
GAIA=12;    Analog Gain Index
CUSP=0;    Non-Trapezoidal Shaping
PDMD=NORM;    Peak Detect Mode (Min/Max)
THSL=0.683;    Slow Threshold
TLLD=OFF;    LLD Threshold
THFA=11.31;    Fast Threshold
DACO=OFF;    DAC Output
DACF=0;    DAC Offset
RTDS=0;    RTD Sensitivity
RTDT=0.00;    RTD Threshold
BLRM=1;    BLR Mode
BLRD=3;    BLR Down Correction
BLRU=0;    BLR Up Correction
GATE=OFF;    Gate Control
AUO1=ICR;    AUX_OUT Selection
PRET=60.0;    Preset Time
PRER=60.000;    Preset Real Time
PREC=OFF;    Preset Counts
PRCL=0;    Preset Counts Low Threshold
PRCH=0;    Preset Counts High Threshold
HVSE=180;    HV Set
TECS=225;    TEC Set
PAPS=ON;    Preamp 8.5/5 (N/A)
SCOE=RI;    Scope Trigger Edge
SCOT=87;    Scope Trigger Position
SCOG=1;    Digital Scope Gain
MCSL=0;    MCS Low Threshold
MCSH=0;    MCS High Threshold
MCST=0.00;    MCS Timebase
AUO2=ICR;    AUX_OUT2 Selection
TPMO=OFF;    Test Pulser On/Off
GPED=FA;    G.P. Counter Edge
GPIN=AUX1;    G.P. Counter Input
GPME=OFF;    G.P. Counter Uses MCA_EN?
GPGA=OFF;    G.P. Counter Uses GATE?
GPMC=OFF;    G.P. Counter Cleared With MCA Counters?
MCAE=OFF;    MCA/MCS Enable
BOOT=ON;    Turn Supplies On/Off At Power Up
<<DP5 CONFIGURATION END>>
<<DPP STATUS>>
Device Type: DP5
Serial Number: 13140
Firmware: 6.07  Build:  3
FPGA: 6.02
Fast Count: 484323
Slow Count: 209483
GP Count: 1
Accumulation Time: 44.272000
Real Time: 60.000000
Dead Time: 56.75%
HV Volt: 181V
TEC Temp: 228K
Board Temp: 39\B0C
<<DPP STATUS END>>
