<<PMCA SPECTRUM>>
TAG - live_data
DESCRIPTION - 
GAIN - 5
THRESHOLD - 0
LIVE_MODE - 0
PRESET_TIME - 0
LIVE_TIME - 6.329520
REAL_TIME - 35.400000
START_TIME - 03/07/2018 15:37:20
SERIAL_NUMBER - 0
<<CALIBRATION>>
LABEL - keV
809.65 3.66
810.98 3.66
1816.99 8.05
2012.04 8.9
2012.55 8.9
2393.16 10.55
2393.61 10.55
2862.68 12.612
2862.87 12.612
5717.27 25.27
5718.07 25.27
6460.66 28.48
6462.08 28.48
<<ROI>>
592 1088
5559 5887
6373 6553
<<DATA>>
0
0
0
0
0
0
0
0
0
0
0
0
0
0
0
0
0
0
0
0
0
0
0
0
0
0
0
0
0
0
0
0
0
0
0
0
0
0
0
0
0
0
0
0
0
0
0
0
0
0
0
0
0
0
0
0
0
93
107
80
107
75
81
80
65
57
52
50
46
40
42
46
38
38
26
29
27
27
32
30
27
24
16
14
20
22
24
15
25
12
17
11
11
12
20
18
18
18
19
17
19
10
12
14
6
14
18
17
14
13
9
14
9
18
9
18
16
16
19
11
10
19
18
13
9
11
17
13
7
19
15
7
13
10
11
16
8
19
8
12
12
10
13
8
11
12
5
8
8
9
13
7
9
5
8
14
12
9
12
10
9
15
13
11
9
10
11
12
10
11
9
10
9
14
8
10
18
13
11
10
7
11
12
13
9
13
13
5
5
12
11
15
11
7
13
12
13
6
12
7
13
11
8
11
8
19
5
14
5
10
12
7
13
4
16
14
4
14
10
9
10
11
13
10
10
8
8
6
7
15
10
4
7
2
6
7
7
7
7
7
9
11
6
9
10
7
10
6
8
9
10
8
9
5
8
8
10
4
12
8
12
9
6
2
2
4
7
4
10
6
7
15
7
6
7
7
8
16
7
5
10
11
6
8
13
8
3
8
6
10
5
6
6
10
9
6
5
5
7
11
6
5
6
2
10
4
7
9
7
3
5
8
5
8
10
6
2
7
6
9
5
5
8
7
8
7
8
10
6
7
5
2
8
5
8
8
7
6
9
7
5
7
5
5
8
6
6
5
11
3
5
6
4
4
5
8
11
7
12
3
8
11
11
8
4
7
3
7
7
7
5
11
11
6
9
9
7
9
9
12
3
6
8
11
8
16
13
11
9
13
11
11
8
8
4
16
8
10
9
8
8
9
9
7
11
6
7
5
13
9
10
5
7
10
4
10
9
9
8
9
11
7
12
6
7
8
9
9
14
7
14
8
11
3
14
6
10
10
13
16
13
14
10
10
15
15
11
8
10
9
10
13
8
5
12
16
6
5
7
10
14
9
12
8
7
7
11
13
5
5
10
3
6
5
9
5
9
3
10
6
11
7
14
15
8
8
3
7
10
10
9
9
9
11
11
6
12
7
10
9
11
7
9
12
4
9
17
6
16
7
13
7
5
7
11
11
14
3
7
7
4
5
4
10
7
6
6
8
11
8
7
4
10
11
9
7
8
7
3
11
3
11
7
11
4
16
12
10
9
16
5
11
12
7
7
9
8
6
6
5
9
3
9
7
6
6
7
6
11
9
8
7
9
12
8
6
5
7
7
6
6
4
9
15
6
6
12
8
5
9
7
3
6
9
10
12
8
4
11
10
13
8
10
8
9
8
9
6
10
6
6
5
9
7
7
13
6
9
9
10
7
10
6
8
11
11
12
10
10
8
6
9
5
8
13
7
14
4
12
11
12
11
14
7
10
13
13
15
12
11
9
14
28
19
24
29
28
29
30
35
42
35
45
51
46
43
54
55
55
58
61
74
71
73
96
77
106
95
102
97
103
83
95
103
96
85
82
84
95
94
78
72
61
75
89
67
66
71
80
65
57
49
44
46
38
57
43
43
50
42
46
41
52
33
50
35
36
39
47
29
38
31
32
41
48
37
34
34
30
41
28
20
52
38
35
30
51
39
40
39
45
42
45
42
45
45
54
50
46
63
61
67
66
76
76
111
107
129
111
144
152
159
187
221
227
231
277
276
306
329
338
393
380
471
454
449
501
517
539
539
575
606
615
627
595
643
639
662
647
669
605
622
635
565
561
554
515
505
512
452
400
407
371
370
347
316
324
263
281
247
257
213
238
224
241
229
267
221
236
247
206
258
271
291
324
288
350
331
343
334
376
379
403
423
402
392
412
466
462
453
390
419
451
393
449
380
425
372
422
366
355
386
370
348
283
291
284
282
251
240
244
231
223
200
219
179
181
174
183
143
150
139
133
138
134
100
134
104
125
114
116
126
137
116
95
112
136
98
122
133
126
98
111
109
102
100
110
100
107
89
103
104
79
94
87
86
77
70
72
62
55
61
58
38
31
44
29
50
29
26
33
23
25
25
37
32
22
27
27
20
33
25
40
30
30
30
38
41
25
39
33
19
27
37
33
36
29
32
26
24
27
33
26
28
25
28
20
23
16
16
18
15
16
18
13
14
12
13
10
22
11
10
9
11
9
9
12
13
9
7
10
10
12
6
10
8
16
13
16
11
18
17
15
16
21
21
13
17
18
19
19
16
15
23
19
12
16
15
20
16
9
21
14
13
8
11
12
11
9
7
8
10
2
4
3
9
5
7
5
4
2
6
3
5
9
10
6
4
5
5
2
2
4
5
6
3
3
5
6
3
5
5
3
7
6
4
2
6
5
2
6
7
4
7
3
7
3
12
6
11
3
7
5
7
4
6
7
4
3
4
4
6
2
7
7
3
1
2
4
3
5
6
2
1
4
3
3
2
4
1
3
2
3
3
3
2
4
3
1
2
1
1
3
1
6
8
3
1
4
3
1
1
1
3
3
6
5
3
1
1
4
5
5
3
2
5
2
3
2
2
1
5
2
3
3
4
3
0
1
2
3
2
2
2
3
2
3
2
2
3
5
4
4
2
3
1
5
5
7
1
3
5
3
5
3
4
4
1
7
1
4
2
4
3
5
5
0
2
5
5
6
2
3
4
5
2
4
5
1
5
8
8
4
2
5
4
3
5
5
3
6
5
5
3
2
1
4
4
3
3
4
1
6
2
5
3
0
1
3
3
2
1
0
2
6
4
4
6
3
2
4
2
4
2
1
4
1
5
2
4
2
2
4
2
2
6
4
0
5
3
5
0
8
4
6
5
0
3
8
7
5
5
7
0
6
5
9
5
8
8
7
4
13
4
3
12
6
7
2
8
7
9
6
10
10
3
6
5
6
4
4
5
5
8
5
7
7
6
6
5
2
6
5
8
8
4
6
8
7
5
2
4
5
3
2
3
1
4
4
4
3
3
1
6
2
9
1
1
2
5
4
4
3
1
2
2
1
2
6
1
1
2
3
2
2
2
1
3
0
3
3
4
5
3
5
3
3
2
2
2
1
5
1
4
5
1
5
4
2
2
3
3
4
0
2
6
4
4
3
5
1
8
3
4
4
5
1
3
8
2
3
6
5
1
7
5
4
4
4
4
5
4
3
4
3
5
6
4
3
6
8
4
3
4
4
5
5
5
4
4
10
1
3
5
6
1
3
5
7
8
3
3
6
4
4
4
5
1
4
5
4
4
5
6
6
8
3
11
6
6
7
9
9
5
5
6
3
6
5
6
7
7
6
7
11
5
12
6
7
7
7
5
8
4
7
7
7
9
5
6
3
5
11
5
3
8
5
5
12
3
7
2
4
2
4
9
6
12
11
1
8
9
3
4
5
6
4
4
2
7
4
9
2
6
4
7
4
4
5
2
4
7
3
6
2
3
1
5
2
7
4
5
4
2
1
4
3
4
5
6
2
5
9
5
2
3
5
4
5
3
8
3
6
6
4
0
5
4
6
7
4
2
4
9
7
4
7
4
4
4
4
3
2
6
4
3
8
8
5
6
1
8
7
3
3
5
4
6
8
5
4
5
0
7
5
2
2
1
5
3
4
2
2
2
5
2
9
2
4
1
5
4
2
9
3
4
6
4
3
3
2
5
8
7
5
5
5
8
3
3
5
8
7
9
7
4
6
3
3
4
9
4
5
6
15
5
1
4
7
11
10
6
9
11
7
5
3
6
6
6
4
9
10
7
7
6
6
13
4
14
11
11
12
6
10
10
6
8
6
6
8
8
3
9
6
17
5
11
10
9
8
9
11
10
7
7
10
2
10
4
8
7
6
7
9
7
5
10
5
8
6
2
3
4
10
9
6
6
3
4
4
5
11
8
5
5
7
9
4
4
7
3
3
2
8
2
4
5
5
8
5
7
9
5
7
5
8
2
5
5
5
5
3
5
5
6
8
3
7
3
3
6
2
6
4
7
4
7
6
4
5
7
5
9
2
3
8
8
7
9
4
6
8
9
6
9
7
6
5
8
7
11
10
11
6
8
14
8
13
12
17
13
10
15
9
18
12
8
9
14
10
10
14
15
20
15
15
14
16
14
19
19
21
18
15
15
19
14
14
17
17
10
13
11
9
5
13
10
10
12
6
16
16
8
7
13
7
7
4
9
5
7
9
12
9
6
11
6
5
2
9
5
4
10
9
7
5
5
9
4
8
3
8
7
2
2
6
6
6
5
6
7
6
2
7
3
9
8
7
3
3
9
3
2
7
3
5
7
0
6
5
2
7
2
4
4
3
4
4
6
6
8
2
9
4
2
2
3
4
6
5
7
5
3
6
4
6
10
8
11
6
6
10
8
6
3
4
5
14
7
6
7
7
9
5
9
8
10
15
10
6
12
9
13
8
11
12
4
9
8
11
9
13
11
10
10
12
10
10
11
11
12
5
11
7
8
10
6
4
8
6
6
5
3
3
9
9
4
7
12
1
6
5
2
4
7
6
8
6
9
6
3
9
4
4
5
3
9
3
9
4
5
6
6
6
9
8
7
9
5
6
7
5
5
8
4
5
9
4
7
11
10
5
7
1
5
7
6
8
6
8
5
3
7
5
3
8
11
8
7
4
4
6
3
7
8
4
9
3
6
7
5
5
5
7
3
8
6
4
6
5
6
6
3
9
8
8
5
7
5
8
6
5
10
9
5
3
6
4
5
3
6
9
7
6
12
8
16
1
5
4
3
4
4
5
9
5
9
5
10
5
8
7
8
7
2
6
5
4
4
3
3
4
7
4
9
10
7
10
10
8
4
6
5
12
9
9
6
6
9
8
11
5
6
7
6
5
4
8
2
6
2
12
3
8
8
6
5
12
9
9
14
5
9
3
5
4
5
8
4
8
6
6
10
10
6
6
6
7
7
5
10
9
8
10
5
3
5
5
5
7
3
5
3
11
6
8
4
6
10
10
5
6
7
6
6
5
8
9
7
8
8
3
2
10
8
10
7
8
2
7
7
7
9
8
14
5
7
8
7
11
9
5
7
8
10
9
3
8
8
9
7
10
6
9
3
1
7
5
10
6
5
7
6
8
5
11
4
11
7
6
3
11
7
7
6
5
8
5
10
5
6
6
7
9
8
11
8
8
7
4
7
5
13
7
7
7
6
9
4
6
6
7
5
4
7
8
7
8
10
13
7
11
6
1
7
5
3
7
7
3
4
7
8
4
5
4
9
3
5
5
6
11
3
4
5
2
3
5
3
5
8
7
6
4
3
5
6
7
13
6
7
5
6
6
5
5
3
7
3
5
5
8
7
5
7
6
6
13
5
13
14
5
8
8
11
7
4
18
10
9
15
9
13
13
10
12
9
11
13
6
20
9
8
10
13
17
13
10
11
7
13
9
15
17
7
8
16
9
8
8
15
13
8
5
10
5
6
13
5
10
4
7
10
7
11
7
5
8
2
7
12
9
8
3
11
3
2
8
11
7
12
9
3
8
9
4
4
7
8
5
5
5
9
4
6
5
2
3
3
6
6
5
11
9
3
9
4
6
7
6
4
6
6
5
6
5
7
4
5
5
9
10
6
6
9
9
9
5
8
10
7
6
4
10
8
4
8
3
8
5
8
14
6
5
9
4
10
11
6
6
7
6
6
7
6
8
7
6
4
7
12
6
6
9
7
5
9
1
13
6
4
9
9
8
3
6
4
5
10
9
5
8
5
11
5
4
5
11
6
5
7
7
5
8
12
5
5
4
10
5
9
3
3
4
6
3
5
6
7
11
7
5
8
5
8
13
6
6
7
9
6
4
5
5
8
4
7
9
5
4
5
7
6
5
5
6
5
6
5
8
8
7
5
7
8
10
10
6
4
5
4
6
6
8
5
8
8
6
5
4
9
2
5
6
4
9
4
3
4
7
9
9
8
11
5
6
6
6
4
7
10
1
12
1
6
4
7
9
13
6
7
9
7
4
2
9
11
9
7
4
8
8
10
5
9
4
6
11
4
7
8
7
6
5
7
8
6
6
10
7
7
10
6
5
8
7
10
4
7
4
5
6
10
5
5
3
5
4
5
8
3
6
5
7
9
4
4
7
5
5
6
7
4
6
11
3
7
7
3
4
14
7
8
6
10
10
3
5
9
10
7
4
9
7
6
7
5
6
9
3
2
2
4
9
5
7
8
4
10
3
3
5
7
8
9
5
8
6
2
7
6
7
9
5
4
7
6
2
9
3
6
7
6
8
6
6
4
9
12
4
9
4
5
7
8
3
1
6
6
10
0
3
2
5
6
5
4
7
2
7
5
7
8
4
9
12
11
7
2
13
6
4
7
11
8
5
5
4
5
7
6
8
8
5
11
11
7
6
4
8
7
6
4
9
12
4
6
5
5
9
4
10
6
16
6
9
12
4
7
10
8
10
9
6
7
8
15
6
10
9
9
7
8
9
12
12
9
8
13
8
5
8
13
7
12
8
13
5
14
10
5
6
12
10
7
10
13
6
10
10
9
11
7
8
5
12
11
10
13
14
4
9
6
5
10
5
7
7
8
11
7
2
4
5
5
4
7
12
6
9
5
7
3
6
10
13
8
5
8
1
4
7
7
8
3
3
10
4
7
3
8
8
4
5
8
7
3
3
7
7
5
6
5
1
9
3
3
3
3
8
3
5
8
3
16
6
5
4
5
8
9
9
4
7
4
9
4
8
7
11
11
5
8
10
7
6
11
8
2
7
3
7
4
4
7
3
4
3
10
5
4
5
7
6
2
6
4
3
5
13
3
7
6
8
8
8
10
4
5
5
3
5
7
10
6
8
3
3
1
4
5
4
3
5
13
5
3
7
8
5
10
4
2
5
6
11
5
7
3
5
3
3
6
9
7
3
6
10
6
5
2
5
5
4
10
6
1
3
6
6
6
5
5
10
7
6
6
3
5
7
7
7
8
7
6
3
3
3
3
7
3
2
2
5
4
6
5
9
5
4
5
6
5
2
1
5
6
6
0
4
3
7
5
2
2
4
6
5
7
11
4
1
7
8
3
5
2
4
9
12
2
3
4
5
5
2
8
5
6
3
4
2
9
7
4
6
6
6
8
5
6
5
8
2
4
4
5
5
5
4
12
3
6
5
3
6
2
5
4
4
5
7
7
4
5
4
9
5
3
8
8
4
4
7
7
6
3
9
9
8
3
4
4
4
7
7
7
7
4
3
5
9
9
7
4
7
10
17
9
3
5
5
8
7
11
7
3
3
4
7
8
5
6
12
5
6
6
8
11
4
6
6
4
4
4
6
8
11
5
6
1
6
7
3
4
5
7
7
3
2
7
5
7
8
6
7
12
5
8
7
6
9
4
6
4
6
6
4
5
6
5
6
10
5
5
6
5
5
5
5
4
8
7
7
4
4
6
6
9
5
3
5
5
4
4
3
7
4
4
5
3
4
3
5
8
3
5
4
6
2
3
7
6
4
7
6
10
3
5
9
1
5
6
8
5
8
8
7
11
9
6
9
3
2
8
4
6
7
4
7
3
8
7
6
8
9
5
3
3
5
2
6
4
10
3
5
7
5
8
5
8
8
6
6
3
7
8
3
5
9
3
4
3
4
8
3
3
7
1
7
3
11
5
3
5
8
8
2
7
3
2
8
1
3
1
5
6
6
4
6
6
8
8
3
6
3
5
4
9
7
8
7
5
10
5
5
5
6
6
4
5
8
3
3
3
4
9
5
6
8
3
4
11
4
6
4
5
6
6
6
11
7
8
6
4
3
4
5
6
7
9
4
4
7
4
7
4
11
9
8
4
7
2
5
6
2
6
4
5
7
3
6
4
5
7
3
3
6
3
7
5
7
5
6
3
2
5
8
6
7
6
11
3
2
2
8
6
4
8
2
4
3
4
3
4
11
10
5
2
9
7
4
7
9
5
6
3
2
8
7
6
4
6
7
5
6
4
6
5
4
11
4
4
3
5
5
3
6
6
4
6
8
5
6
5
3
4
4
1
7
5
4
7
6
6
4
4
9
8
6
5
4
5
3
2
4
7
6
6
4
5
4
7
3
6
7
4
5
5
9
3
5
2
4
7
5
7
5
7
6
2
1
5
5
3
5
6
6
2
5
5
5
4
3
5
5
6
8
2
3
1
5
4
5
3
7
3
2
1
3
9
4
2
10
4
8
4
2
6
4
8
3
3
4
4
6
5
3
14
5
5
5
4
6
7
3
3
5
7
3
6
3
5
4
4
8
12
3
3
5
6
8
3
2
3
2
4
4
3
6
4
9
5
4
4
4
2
3
5
5
8
8
1
4
3
5
6
2
1
4
5
6
6
5
2
4
5
8
4
5
7
3
8
5
8
4
6
5
5
4
3
3
2
5
5
8
4
3
8
2
4
3
5
2
4
2
6
3
4
6
4
6
3
5
6
1
5
2
5
8
8
5
9
5
4
6
3
6
4
1
6
5
2
5
3
4
4
2
5
4
4
5
4
3
2
6
2
6
2
6
5
3
3
3
5
6
4
5
2
1
5
5
5
3
6
5
7
3
3
2
6
4
4
6
5
1
4
3
2
4
4
2
6
3
3
5
7
5
1
7
8
2
10
3
5
5
6
3
5
6
6
3
5
3
2
5
0
3
5
4
3
7
2
3
9
2
3
6
4
7
4
3
6
3
2
3
0
4
4
4
3
6
4
2
4
7
5
4
6
3
5
7
5
1
1
4
5
2
5
5
6
3
6
5
3
4
3
6
2
4
1
3
2
3
5
4
3
4
6
3
3
8
3
3
3
5
2
8
5
3
2
3
1
4
4
5
4
6
10
1
2
3
2
4
4
5
6
6
6
3
8
3
6
9
1
3
6
2
5
4
4
2
6
4
1
2
5
5
5
6
3
6
4
4
5
6
3
3
6
5
2
0
5
5
4
5
5
2
3
6
2
3
4
1
5
3
2
7
9
3
4
4
3
6
12
7
2
5
3
3
4
3
6
3
2
6
2
3
5
6
5
3
4
4
6
7
3
4
4
5
5
10
5
3
3
5
6
3
1
7
6
5
0
4
4
4
1
6
1
1
4
4
3
2
3
4
1
6
3
6
3
8
5
5
3
4
2
1
4
2
2
1
2
7
2
4
5
3
6
2
5
4
6
5
4
5
3
5
2
3
5
5
11
3
3
2
5
6
5
4
2
2
5
4
5
4
4
0
3
8
7
4
0
1
9
2
3
2
3
4
4
3
4
3
2
2
3
4
4
2
5
2
4
8
4
3
10
4
3
2
2
5
2
7
2
3
4
3
6
10
6
5
2
1
4
6
6
3
5
5
3
6
1
3
4
5
3
5
5
6
8
1
3
5
3
7
3
6
4
3
6
3
8
3
8
5
6
9
5
9
3
3
2
3
1
5
2
2
2
3
5
3
2
3
2
5
1
5
2
7
7
2
4
3
8
1
5
5
4
2
3
2
2
3
5
3
4
1
2
2
6
4
2
5
4
5
5
4
5
4
5
0
3
2
6
5
5
8
3
5
3
1
4
6
4
4
2
4
3
2
3
2
4
6
7
4
2
8
6
3
3
5
5
3
3
4
3
5
2
4
7
3
2
5
5
3
2
5
5
2
4
3
7
6
6
2
1
5
6
3
3
0
3
4
9
3
3
3
8
2
7
7
3
5
4
3
3
6
1
1
5
7
5
3
5
7
6
2
2
3
1
2
2
5
0
3
3
2
2
4
1
3
6
4
4
2
3
0
3
3
5
5
3
4
3
7
4
1
5
6
9
9
3
5
4
5
2
3
5
1
5
5
4
2
6
3
7
5
3
4
5
6
0
3
5
8
3
6
4
1
7
2
3
2
7
4
6
5
1
6
4
2
5
6
3
6
3
2
3
1
4
1
4
8
3
6
1
6
6
5
4
7
3
2
7
3
2
1
5
3
3
2
6
3
2
3
4
6
3
7
2
4
4
6
3
5
5
6
7
4
4
1
3
5
6
4
3
3
1
5
2
5
8
3
4
5
4
1
0
6
2
7
4
0
4
3
8
2
3
5
5
3
2
2
1
3
5
4
5
2
3
4
2
4
2
7
1
7
5
5
5
2
4
4
0
3
2
5
3
5
4
7
3
11
5
6
4
4
8
3
2
4
7
4
4
5
4
2
4
5
4
4
6
3
0
2
2
3
5
3
5
2
7
1
7
5
4
2
3
4
3
3
2
3
3
1
5
2
6
1
6
2
6
3
6
2
3
6
4
7
4
6
5
2
1
6
3
5
3
1
5
4
4
5
2
2
8
2
4
5
2
1
4
5
1
6
3
3
4
3
2
7
1
6
1
3
3
4
3
4
3
4
7
5
3
4
5
2
5
4
4
3
3
2
2
9
3
2
6
6
5
4
9
3
5
8
5
12
2
2
6
7
6
7
6
3
5
4
1
6
6
4
2
3
9
7
12
5
3
3
3
2
4
3
5
2
7
3
9
4
2
7
5
4
2
2
6
5
3
4
5
5
6
9
3
2
4
3
6
2
2
3
4
7
8
6
4
2
3
5
8
4
6
3
5
8
1
1
4
6
3
2
2
1
11
8
9
5
3
7
2
3
3
6
5
4
3
3
6
4
7
3
4
5
4
6
3
5
4
3
10
10
6
3
6
4
9
4
4
3
3
7
7
9
2
7
5
7
9
5
3
2
4
6
7
2
13
3
10
6
2
5
6
9
5
5
4
2
4
6
4
5
5
6
5
5
4
4
6
6
3
7
3
6
4
6
3
2
7
3
6
5
4
4
3
5
3
8
3
7
5
5
5
6
3
5
1
2
5
5
2
9
1
2
3
1
5
6
5
0
3
4
4
9
8
8
2
2
1
3
4
4
6
4
4
5
7
6
5
5
3
6
3
5
2
7
6
1
2
5
5
2
2
2
5
3
9
2
5
4
3
3
7
0
3
6
10
7
4
1
3
6
3
4
4
2
3
4
1
8
2
3
1
6
2
3
1
5
3
0
5
3
6
7
7
6
0
4
2
4
4
5
2
4
6
2
2
5
3
4
3
1
0
6
2
3
5
2
4
3
4
4
4
4
3
3
2
4
1
6
4
1
4
7
0
7
2
6
4
1
10
2
0
4
2
5
2
6
2
1
3
1
7
2
5
1
5
4
4
5
7
5
5
7
3
1
2
3
9
4
8
1
4
2
4
8
4
8
7
5
5
6
6
10
6
7
8
6
7
7
17
8
3
5
5
9
7
7
14
15
5
7
5
12
15
14
16
17
12
13
13
14
16
11
17
10
15
11
18
16
13
14
10
17
21
11
17
12
19
25
15
20
24
19
15
21
18
23
10
14
13
14
15
18
17
19
15
15
16
14
20
23
18
20
12
10
19
14
19
14
17
8
9
16
15
29
12
11
20
12
16
19
14
10
8
10
10
10
8
15
8
7
8
12
6
9
4
8
7
7
4
8
6
7
2
4
9
4
5
7
5
8
5
3
4
6
8
5
4
8
3
4
6
3
10
3
5
2
4
1
7
7
4
3
5
2
5
8
6
1
7
3
4
6
3
3
4
1
4
2
5
4
1
5
5
7
6
7
6
3
4
1
5
9
4
0
4
5
5
1
5
4
3
10
6
3
5
4
8
5
3
3
3
0
2
3
2
3
2
6
8
6
4
3
6
4
3
4
3
6
5
6
5
3
2
5
0
4
7
8
6
2
4
5
3
2
1
4
7
6
6
6
3
2
4
4
4
3
4
5
6
4
7
4
1
5
3
10
4
8
2
4
6
3
3
6
6
3
7
4
2
7
5
1
7
4
4
9
7
8
2
9
10
5
7
4
4
8
6
9
4
6
8
7
8
5
9
6
4
4
4
3
6
3
5
9
10
4
7
5
7
7
4
10
4
4
10
4
8
5
7
5
10
10
6
9
3
9
7
6
7
11
8
5
3
8
3
3
7
7
5
8
8
4
6
9
9
5
6
8
6
8
6
5
10
7
5
4
8
7
7
7
4
4
12
8
6
7
9
5
1
5
5
7
3
10
8
8
8
5
3
7
6
12
3
8
8
10
6
4
5
4
9
8
10
13
5
9
5
5
6
3
5
8
6
7
7
6
5
9
3
9
6
4
4
9
10
4
8
10
3
5
5
11
2
6
2
3
1
5
2
4
5
3
6
10
6
9
5
5
4
5
4
4
6
5
7
7
3
1
7
5
6
4
4
4
8
5
2
3
8
6
5
5
4
9
7
4
1
4
8
5
7
0
2
7
6
7
4
6
6
6
8
5
4
3
3
7
8
7
3
5
7
7
6
7
5
7
2
4
4
5
6
4
6
2
6
6
5
3
6
6
6
7
10
7
5
6
5
4
5
6
2
8
1
5
7
4
3
3
6
4
4
4
6
8
1
5
8
5
4
8
2
6
5
6
4
7
3
3
4
1
3
5
6
6
5
5
4
2
3
9
3
5
1
4
6
7
6
4
9
2
1
2
5
5
4
3
3
7
8
3
2
1
2
5
6
3
4
4
10
7
9
4
1
4
6
8
2
5
4
3
2
3
7
9
4
5
2
5
5
4
6
2
4
7
6
4
4
7
4
1
4
3
7
6
4
1
6
6
1
8
2
2
7
4
10
4
5
8
3
3
5
9
11
8
4
7
6
8
6
12
8
11
13
6
17
3
18
12
11
10
16
8
17
12
18
19
21
15
14
18
25
34
33
34
35
41
44
41
43
51
39
55
59
63
69
66
66
73
84
92
99
114
94
92
112
128
136
127
150
136
153
142
151
163
169
195
151
222
210
242
246
234
241
249
260
227
295
280
265
291
309
252
282
306
347
332
318
342
324
356
365
354
351
382
376
399
412
375
393
404
419
440
398
435
416
442
465
429
458
436
453
464
490
475
509
505
496
545
466
514
512
555
540
501
549
546
540
508
556
553
568
585
550
594
562
572
581
590
553
593
613
605
555
547
599
508
548
604
520
570
522
499
476
529
462
510
491
458
435
426
440
445
442
415
382
366
377
350
341
338
311
308
292
291
269
232
206
233
242
222
208
180
158
165
150
159
132
160
142
132
114
127
95
89
92
87
77
51
69
63
42
50
48
52
55
45
38
38
25
45
32
28
29
27
26
31
13
20
19
24
10
19
20
23
12
17
8
7
11
13
10
5
6
5
6
7
6
8
9
7
5
3
3
7
1
5
4
6
5
7
4
2
4
4
6
7
5
7
4
10
5
1
2
2
1
11
1
0
2
2
2
5
2
1
5
3
2
5
4
1
5
6
5
2
1
5
3
3
4
5
2
1
2
2
5
3
0
4
4
5
3
1
5
4
2
1
4
2
1
3
0
3
4
1
2
1
2
1
6
3
3
0
2
0
2
6
2
0
3
1
6
4
0
5
1
1
3
2
3
0
2
1
3
2
4
1
4
3
4
1
5
3
3
2
4
5
2
1
4
1
1
5
3
2
1
2
3
4
1
3
0
2
1
4
1
4
2
0
1
0
4
1
1
5
1
1
1
3
3
6
3
2
3
0
1
4
4
2
3
1
4
1
1
1
3
1
1
1
2
1
0
2
3
1
6
3
2
3
3
6
2
0
3
4
0
4
1
1
1
3
1
4
1
1
2
5
3
1
3
2
0
2
2
1
0
3
3
2
1
2
0
3
2
3
1
2
0
2
2
0
4
2
2
2
1
2
3
3
0
1
2
0
3
2
3
5
0
3
2
1
1
1
2
3
1
5
1
2
3
1
5
1
2
2
0
3
1
2
2
1
2
0
2
2
2
2
5
3
6
3
1
1
4
2
2
0
1
0
0
0
0
2
3
4
1
2
3
0
0
1
1
0
3
0
0
0
2
1
0
3
3
1
1
2
0
1
4
1
3
3
1
2
2
3
0
1
1
4
2
2
2
0
1
0
1
1
2
0
2
0
1
1
1
2
3
2
0
2
3
1
2
3
2
4
0
2
3
0
0
1
2
3
1
2
2
0
0
3
2
1
5
1
3
1
3
1
1
0
2
2
3
3
2
3
3
1
0
1
3
2
2
2
2
1
0
1
1
1
1
2
3
3
3
0
1
2
2
1
2
0
0
2
2
1
4
3
2
2
5
1
4
2
0
5
3
3
0
3
1
3
0
3
1
2
4
1
0
1
4
0
3
0
1
4
1
3
1
0
3
0
4
2
0
4
0
1
0
1
2
1
3
0
2
0
3
1
4
1
0
0
0
2
2
2
3
2
2
0
3
1
1
2
1
1
1
3
1
1
0
1
2
5
3
0
3
2
0
4
2
1
1
1
3
1
1
2
0
3
3
1
3
3
0
2
3
3
0
1
0
3
1
2
1
0
2
3
1
2
1
3
1
2
1
1
1
0
5
0
6
4
3
4
4
3
5
5
3
3
2
1
4
4
5
3
4
3
2
3
4
6
3
9
4
7
7
5
9
6
10
6
5
7
12
7
7
4
11
14
15
21
15
11
18
19
17
15
17
23
24
22
27
21
29
34
33
41
45
42
39
42
48
41
54
54
40
55
53
57
57
60
55
65
64
60
73
63
71
91
67
77
72
97
77
98
81
105
103
96
99
102
110
107
102
90
122
96
110
100
108
104
107
105
93
102
120
110
89
99
110
73
92
108
86
96
90
79
95
77
88
84
83
77
74
49
72
69
62
58
60
53
62
48
59
44
56
48
46
38
44
38
45
43
37
38
27
25
30
26
22
27
19
16
25
22
15
17
21
13
22
14
14
12
11
13
11
7
11
6
8
11
11
9
5
6
7
8
7
3
4
9
6
11
3
9
8
7
8
4
2
7
8
8
4
7
5
7
8
3
10
8
8
9
10
9
6
11
11
7
10
13
14
13
13
22
11
8
12
14
16
13
22
14
11
17
18
22
20
15
30
19
12
19
17
12
23
22
17
24
13
21
20
13
21
14
14
28
29
22
19
23
11
18
23
13
19
28
20
16
17
16
17
11
17
15
10
9
13
16
15
19
12
9
12
12
11
9
11
14
12
18
7
6
8
13
5
6
5
6
2
6
4
0
4
9
5
7
6
2
3
6
5
6
3
0
0
2
1
2
2
1
2
1
1
1
0
2
0
1
0
1
1
0
1
1
2
2
2
1
0
0
2
0
0
1
1
2
1
0
0
0
0
0
1
0
0
0
1
2
2
1
0
0
1
0
0
0
0
0
0
0
1
0
2
0
0
0
0
1
0
1
0
0
0
0
0
0
0
1
0
0
0
0
1
1
0
1
0
1
0
0
1
0
0
0
0
0
0
0
0
0
0
2
0
2
1
0
0
0
0
1
0
0
0
2
1
0
0
1
1
0
2
0
0
0
1
0
0
0
0
0
0
0
1
0
0
0
0
1
0
1
2
0
0
0
0
1
0
0
0
1
1
0
0
0
0
1
1
0
0
0
0
0
1
0
0
0
0
0
1
0
0
0
2
0
0
1
0
0
0
1
2
1
0
0
0
1
1
0
0
0
1
0
0
0
0
0
0
0
0
0
0
0
0
0
0
0
0
0
0
0
0
1
0
2
0
0
0
0
0
0
0
0
0
2
1
0
0
0
2
0
0
0
0
1
0
0
1
0
0
0
0
0
0
0
1
0
0
0
0
0
0
0
1
1
0
0
0
0
0
0
2
0
0
0
0
0
0
1
0
0
0
0
0
0
0
0
0
0
0
0
0
0
0
0
0
1
0
0
0
1
2
0
0
0
0
1
0
0
0
0
0
0
0
0
0
1
0
0
1
0
0
0
1
0
0
0
0
0
0
0
1
1
0
1
1
0
0
0
1
0
0
0
0
0
0
0
0
1
0
1
0
1
1
0
0
0
0
0
0
0
0
1
0
2
0
0
0
0
0
0
1
0
0
0
1
1
0
0
0
0
0
0
0
0
0
1
2
0
0
0
0
1
1
0
0
0
0
1
0
0
0
0
1
4
0
1
0
1
0
0
0
0
0
0
1
0
1
0
1
0
0
0
0
0
0
0
0
0
0
0
0
1
0
0
0
0
0
0
1
0
0
0
0
1
1
0
0
0
1
0
1
0
0
0
0
1
0
0
0
1
0
0
0
1
0
0
0
0
0
2
0
0
3
0
0
1
0
0
0
0
1
0
0
0
0
1
1
1
0
0
0
0
0
0
0
0
0
0
0
0
0
0
1
0
0
0
0
0
0
0
0
1
1
0
0
0
1
0
1
0
0
0
0
0
0
2
1
0
0
0
0
0
1
0
0
0
1
2
0
0
0
0
0
1
2
0
1
0
1
0
0
1
1
0
0
0
0
0
0
0
0
0
1
0
0
0
2
0
0
0
0
0
0
1
0
0
0
2
1
0
0
1
1
3
1
2
0
0
1
1
1
0
0
0
1
0
0
0
1
0
0
1
0
1
2
0
1
0
0
0
0
1
0
1
0
0
0
1
1
0
0
0
3
0
0
0
1
1
0
0
0
0
0
1
2
0
0
0
0
0
1
1
0
0
0
3
0
0
1
0
0
0
0
0
0
3
0
0
0
0
0
1
1
2
0
1
0
0
0
0
0
1
1
0
0
1
0
0
0
0
0
0
1
0
2
0
0
0
0
1
0
0
0
0
0
0
0
1
0
0
0
1
1
0
0
1
0
0
0
0
1
0
0
0
0
0
1
0
0
0
0
0
0
0
1
0
0
0
0
0
0
0
1
0
0
0
0
0
1
0
0
0
0
0
1
0
1
1
0
1
0
0
0
0
2
1
0
0
0
0
0
1
0
0
1
0
0
2
2
0
1
0
0
1
0
0
0
0
1
0
0
0
1
0
1
0
0
0
1
0
0
0
0
1
0
0
0
0
1
0
0
1
0
0
1
0
0
0
0
1
0
1
0
0
0
0
0
0
1
0
0
1
0
1
0
0
0
0
0
0
0
0
1
0
0
0
0
0
0
0
1
0
1
0
2
0
0
1
0
0
0
0
0
1
0
0
1
0
0
0
0
0
0
0
1
0
0
0
1
0
0
0
0
0
1
0
0
0
0
0
1
0
1
0
0
2
1
0
0
0
0
0
2
0
0
0
0
1
0
1
0
0
0
1
0
0
0
0
0
0
0
0
1
0
2
1
0
0
0
1
0
0
0
0
0
1
0
0
1
0
0
0
0
0
1
1
1
0
0
1
0
0
0
0
0
1
0
0
1
0
0
0
0
0
0
1
0
0
0
0
0
0
0
0
0
0
0
0
0
0
0
0
0
0
3
0
0
0
1
0
1
1
0
0
0
0
0
0
0
0
0
0
0
0
0
0
1
0
0
0
0
1
0
0
0
1
0
0
0
0
0
0
0
0
0
0
0
0
0
0
0
0
0
0
1
1
1
0
1
1
0
0
0
0
1
0
0
0
0
0
0
0
1
0
1
1
0
0
0
0
0
0
0
0
0
0
0
0
1
1
0
0
0
0
1
0
0
0
1
0
0
0
0
0
1
0
0
0
1
0
0
0
0
0
0
0
0
1
0
0
0
0
0
3
1
1
0
1
0
0
0
0
0
0
0
0
0
0
0
0
0
0
0
0
0
0
0
0
0
0
0
1
0
0
0
0
1
1
0
0
0
0
0
1
0
0
0
0
0
0
1
0
0
0
0
0
0
0
0
0
0
1
0
0
0
0
0
0
1
0
0
1
0
0
0
0
0
0
0
0
0
0
0
0
0
0
0
0
0
0
0
0
0
1
0
0
0
0
0
0
0
0
0
1
1
1
0
0
0
0
0
1
2
1
1
0
0
0
0
0
0
0
1
0
0
1
0
0
0
0
0
0
0
0
0
1
0
0
0
0
0
1
0
0
0
0
0
0
1
0
0
0
0
0
0
0
2
0
0
0
1
0
0
0
0
0
0
0
0
0
0
0
0
0
0
0
0
1
0
0
0
0
0
0
0
1
0
0
0
0
0
0
1
0
0
0
0
0
0
0
0
0
1
0
0
0
0
1
1
0
0
0
0
0
0
0
0
0
0
1
0
0
1
0
0
1
1
0
0
0
0
0
0
0
0
0
0
0
0
0
0
1
0
0
1
0
1
0
0
0
0
0
0
0
0
0
0
0
0
0
0
0
0
0
1
0
0
0
0
0
0
0
0
0
0
0
0
0
0
0
0
0
0
0
1
0
0
0
0
0
0
0
0
0
1
0
0
0
0
0
3
0
0
0
0
0
0
0
1
0
0
0
1
0
0
1
0
0
0
0
0
0
0
0
0
0
0
0
1
0
0
0
1
0
0
0
0
0
0
0
0
0
1
1
0
0
0
0
0
0
0
0
1
0
0
0
0
0
0
0
0
0
0
0
0
0
0
0
0
1
1
0
0
1
0
0
0
0
0
0
0
0
0
0
0
0
0
0
0
0
0
0
0
0
0
0
0
0
0
0
0
0
0
0
0
0
0
0
0
0
0
0
0
0
0
0
0
0
0
0
0
0
0
0
0
0
1
1
0
0
0
0
1
0
0
1
0
0
0
0
0
0
0
0
0
0
0
0
0
<<END>>
<<DP5 CONFIGURATION>>
RESC=?;    Reset Configuration
CLCK=20;    20MHz/80MHz
TPEA=32.000;    Peaking Time
GAIF=0.9727;    Fine Gain
GAIN=29.999;    Total Gain (Analog * Fine)
RESL=13107;    Detector Reset Lockout
TFLA=1.200;    Flat Top
TPFA=1600;    Fast Channel Peaking Time
PURE=ON;    PUR Interval On/Off
RTDE=OFF;    RTD On/Off
MCAS=NORM;    MCA Source
MCAC=8192;    MCA/MCS Channels
SOFF=OFF;    Set Spectrum Offset
AINP=NEG;    Analog Input Pos/Neg
INOF=DEF;    Input Offset
GAIA=12;    Analog Gain Index
CUSP=0;    Non-Trapezoidal Shaping
PDMD=NORM;    Peak Detect Mode (Min/Max)
THSL=0.683;    Slow Threshold
TLLD=OFF;    LLD Threshold
THFA=11.31;    Fast Threshold
DACO=OFF;    DAC Output
DACF=0;    DAC Offset
RTDS=0;    RTD Sensitivity
RTDT=0.00;    RTD Threshold
BLRM=1;    BLR Mode
BLRD=3;    BLR Down Correction
BLRU=0;    BLR Up Correction
GATE=OFF;    Gate Control
AUO1=ICR;    AUX_OUT Selection
PRET=60.0;    Preset Time
PRER=60.000;    Preset Real Time
PREC=OFF;    Preset Counts
PRCL=0;    Preset Counts Low Threshold
PRCH=0;    Preset Counts High Threshold
HVSE=180;    HV Set
TECS=225;    TEC Set
PAPS=ON;    Preamp 8.5/5 (N/A)
SCOE=RI;    Scope Trigger Edge
SCOT=87;    Scope Trigger Position
SCOG=1;    Digital Scope Gain
MCSL=0;    MCS Low Threshold
MCSH=0;    MCS High Threshold
MCST=0.00;    MCS Timebase
AUO2=ICR;    AUX_OUT2 Selection
TPMO=OFF;    Test Pulser On/Off
GPED=FA;    G.P. Counter Edge
GPIN=AUX1;    G.P. Counter Input
GPME=OFF;    G.P. Counter Uses MCA_EN?
GPGA=OFF;    G.P. Counter Uses GATE?
GPMC=OFF;    G.P. Counter Cleared With MCA Counters?
MCAE=OFF;    MCA/MCS Enable
BOOT=ON;    Turn Supplies On/Off At Power Up
<<DP5 CONFIGURATION END>>
<<DPP STATUS>>
Device Type: DP5
Serial Number: 13140
Firmware: 6.07  Build:  3
FPGA: 6.02
Fast Count: 242115
Slow Count: 150926
GP Count: 1
Accumulation Time: 50.970000
Real Time: 60.000000
Dead Time: 37.66%
HV Volt: 181V
TEC Temp: 228K
Board Temp: 39\B0C
<<DPP STATUS END>>
