<<PMCA SPECTRUM>>
TAG - live_data
DESCRIPTION - 
GAIN - 5
THRESHOLD - 0
LIVE_MODE - 0
PRESET_TIME - 0
LIVE_TIME - 6.329520
REAL_TIME - 35.400000
START_TIME - 03/07/2018 15:37:20
SERIAL_NUMBER - 0
<<CALIBRATION>>
LABEL - keV
809.65 3.66
810.98 3.66
1816.99 8.05
2012.04 8.9
2012.55 8.9
2393.16 10.55
2393.61 10.55
2862.68 12.612
2862.87 12.612
5717.27 25.27
5718.07 25.27
6460.66 28.48
6462.08 28.48
<<ROI>>
592 1088
5559 5887
6373 6553
<<DATA>>
0
0
0
0
0
0
0
0
0
0
0
0
0
0
0
0
0
0
0
0
0
0
0
0
0
0
0
0
0
0
0
0
0
0
0
0
0
0
0
0
0
0
0
0
0
0
0
0
0
0
0
0
0
0
0
0
0
2
0
1
0
0
1
2
0
1
0
0
0
0
2
0
0
0
0
0
0
0
1
0
0
0
0
0
0
0
0
0
1
1
0
0
2
0
0
0
1
0
0
0
0
1
1
1
0
2
0
1
0
0
0
1
1
0
0
0
1
0
0
0
1
2
0
0
0
2
0
0
2
0
1
2
0
0
0
1
0
1
0
0
0
0
0
1
0
0
1
2
1
0
0
1
1
0
2
0
0
0
1
0
0
0
0
0
2
1
1
2
1
1
0
0
1
2
1
1
2
0
1
3
0
0
0
0
0
1
0
0
0
0
0
1
2
1
0
0
4
0
1
3
0
0
0
0
2
0
0
1
0
0
0
0
0
0
1
1
0
0
1
1
2
1
1
1
1
1
1
1
2
0
2
1
1
1
1
0
0
1
2
2
1
1
0
2
1
1
0
1
3
0
0
0
0
1
0
1
0
2
1
1
0
0
1
1
2
0
0
1
0
0
1
0
1
0
1
0
0
0
0
0
0
1
0
2
0
0
0
1
2
1
1
0
0
1
0
0
1
0
0
0
0
1
0
1
0
0
0
0
1
0
0
0
1
0
1
1
0
0
1
0
1
1
0
0
2
0
0
1
0
0
3
1
1
0
1
1
0
1
0
0
1
1
1
0
1
0
1
0
1
0
0
0
0
1
0
0
1
0
2
0
3
0
0
1
1
1
1
1
0
0
0
0
0
0
0
2
0
1
0
3
0
1
1
0
0
0
1
0
0
2
0
0
0
2
2
0
1
1
1
0
1
1
0
1
3
3
1
0
0
1
1
1
3
1
1
0
0
1
2
0
1
1
0
0
2
1
1
3
1
1
0
0
0
0
0
0
2
0
0
0
0
0
0
2
1
0
1
1
1
1
2
1
1
2
0
0
0
1
0
1
0
1
1
0
1
0
0
1
0
1
0
0
1
0
1
0
0
0
1
0
1
1
0
0
1
0
3
1
1
1
0
0
0
0
1
0
1
0
2
3
1
0
0
0
1
0
3
0
1
1
1
3
2
0
0
0
0
1
0
0
0
0
0
2
0
0
2
1
0
1
1
1
0
0
1
0
0
0
1
0
1
0
1
1
1
0
1
0
1
0
0
0
3
0
2
0
1
1
2
0
0
1
1
0
0
0
1
1
0
2
1
1
1
1
2
1
1
2
2
1
1
1
4
2
1
1
1
2
0
2
1
0
1
1
2
1
0
2
0
2
1
3
3
1
2
3
3
0
1
3
1
2
0
0
0
2
0
2
2
2
2
2
1
2
1
3
5
1
2
1
2
3
4
3
3
3
5
1
5
5
2
1
2
6
5
2
12
12
8
10
9
12
11
19
10
23
7
11
13
17
14
23
12
21
19
25
17
21
19
15
17
12
14
15
21
14
17
9
11
9
13
9
19
9
10
12
6
12
10
9
7
6
13
4
6
2
8
6
5
7
6
3
8
8
5
7
4
7
2
9
5
5
5
12
9
7
6
13
5
6
12
5
5
7
8
7
6
9
6
6
4
6
3
8
13
9
7
8
13
10
9
13
11
12
11
6
11
10
10
11
10
11
7
7
11
16
11
7
12
8
7
5
9
2
6
11
5
5
9
4
5
6
3
7
3
2
5
2
3
2
2
2
2
3
1
2
1
2
0
1
1
0
1
2
2
3
2
0
1
4
1
2
0
2
4
0
0
0
1
0
0
0
1
0
1
2
1
0
2
0
1
3
0
1
3
1
3
1
5
2
1
4
3
0
1
3
1
0
5
2
3
2
3
2
2
3
2
0
3
3
6
5
4
3
5
8
2
6
5
2
7
5
3
0
1
1
2
5
4
3
4
4
4
4
0
5
0
5
2
2
3
0
4
0
6
6
0
2
2
2
2
2
0
3
3
1
2
1
1
2
2
1
0
1
0
3
1
1
0
2
1
0
2
0
0
1
3
0
1
2
2
2
0
1
0
0
0
0
0
0
0
0
1
0
0
2
0
0
0
0
1
1
0
1
0
2
0
1
0
0
1
0
0
2
0
0
0
0
0
0
0
0
1
0
0
0
2
0
1
0
1
1
1
1
2
1
1
1
1
2
1
2
2
0
1
3
2
4
0
1
0
1
2
3
0
0
0
1
0
1
2
0
1
0
0
1
0
2
0
1
1
0
3
2
1
1
2
1
0
2
0
1
2
0
3
1
1
0
0
0
3
1
1
1
0
1
0
2
0
2
1
0
0
0
0
0
1
0
1
1
2
2
0
1
3
4
1
0
0
1
1
1
1
2
1
1
0
1
0
2
0
2
1
1
0
0
0
1
2
0
2
1
3
0
0
1
0
0
1
2
0
1
1
1
0
3
0
1
0
0
2
1
1
0
1
0
0
1
1
2
1
1
1
0
1
1
0
0
3
3
0
2
1
2
1
2
1
0
1
0
1
0
0
4
1
1
0
0
0
3
0
0
1
0
1
1
2
1
1
1
1
1
2
0
0
2
2
1
1
0
1
1
1
2
1
2
2
2
0
1
1
3
0
1
0
2
3
3
2
3
2
3
3
4
4
4
4
6
1
3
4
6
6
9
6
2
6
8
4
7
9
8
4
8
10
9
4
8
7
8
10
7
15
10
10
11
9
12
9
12
12
13
15
13
10
7
6
8
7
10
9
8
14
7
7
4
8
14
9
8
9
12
7
4
6
4
3
4
6
4
6
6
4
4
3
3
4
2
5
1
3
4
2
0
2
1
1
1
3
1
2
0
1
3
2
1
2
1
5
1
2
2
2
1
0
2
1
1
3
0
1
5
1
1
2
2
1
0
1
1
1
1
2
2
0
2
0
1
2
2
2
2
0
3
1
2
1
2
3
2
1
3
1
3
2
0
3
2
1
2
2
1
5
0
2
3
1
2
1
1
2
2
5
1
5
1
5
1
3
4
1
0
2
1
1
1
3
3
4
2
3
2
0
2
2
1
2
4
4
2
2
1
1
4
2
4
0
4
2
2
2
2
1
0
4
1
5
5
5
3
9
5
5
4
7
2
9
7
4
7
8
10
5
11
10
7
12
8
8
14
20
15
10
8
16
14
18
13
12
11
15
16
19
23
17
16
16
14
20
12
10
18
13
18
16
13
19
12
12
13
13
9
11
14
14
12
12
19
12
8
14
10
10
12
9
4
7
4
6
6
9
9
8
10
7
3
8
5
3
5
2
3
2
5
3
4
9
4
5
3
1
4
2
5
4
3
3
4
2
7
4
2
7
2
7
3
1
5
2
4
2
4
4
2
3
1
8
2
3
3
1
3
3
1
2
5
3
2
4
4
5
5
4
1
7
4
4
4
1
1
1
6
5
5
5
4
1
3
4
2
1
4
3
5
2
4
3
6
1
1
2
3
0
3
2
1
1
0
6
4
3
2
3
2
2
5
3
1
2
2
4
4
5
1
3
1
3
2
5
7
0
2
4
1
5
3
5
2
3
1
2
7
4
4
5
3
5
1
6
1
3
1
2
6
3
3
5
4
4
3
3
3
3
3
4
3
2
2
5
3
6
1
5
4
6
2
5
3
2
3
0
3
4
1
1
5
1
3
3
5
3
8
3
3
2
3
4
3
1
5
1
3
0
8
1
3
4
3
3
2
2
5
5
3
3
6
1
1
2
4
4
6
6
2
4
5
4
1
2
5
5
6
3
8
4
4
1
7
7
5
2
5
8
5
7
4
5
6
4
6
8
10
5
5
8
8
11
4
9
11
8
5
3
14
9
3
7
6
8
9
11
11
8
9
9
8
19
12
8
14
12
13
9
8
10
10
11
9
7
7
13
13
9
9
12
14
15
13
10
18
17
21
19
18
25
20
33
30
41
30
34
28
50
57
60
65
65
102
99
104
129
162
173
199
272
208
280
295
327
376
427
449
519
594
620
675
737
855
856
967
1063
1224
1287
1261
1419
1540
1690
1801
1898
2002
2064
2219
2331
2472
2406
2661
2657
2813
2950
2836
3102
3143
3283
3190
3289
3259
3309
3316
3139
3334
3171
3194
3215
3230
3195
2784
2985
2735
2780
2477
2552
2327
2408
2254
2055
2017
1813
1853
1635
1628
1466
1370
1356
1093
1106
946
925
825
745
734
652
585
493
468
383
390
321
281
266
221
209
185
157
142
144
120
106
103
77
66
64
49
36
42
44
35
38
26
32
24
22
20
15
16
16
22
19
9
15
21
19
19
11
15
16
12
12
17
10
24
7
15
8
16
12
18
15
19
24
15
10
14
6
10
10
14
12
18
9
18
11
14
15
16
10
10
8
12
14
16
10
17
22
11
21
21
8
21
17
15
17
12
19
10
19
12
11
19
25
14
16
19
17
16
21
29
21
30
27
26
31
29
33
38
26
34
36
30
45
49
47
56
47
72
75
83
99
80
92
101
115
135
153
155
165
176
183
194
216
226
248
248
283
285
288
326
340
336
366
384
363
406
433
453
441
502
436
485
511
500
505
458
494
479
490
482
508
493
464
450
427
456
431
469
417
378
401
364
346
306
342
286
267
263
234
240
200
223
192
211
153
160
149
117
130
112
114
100
76
74
63
67
55
40
42
40
34
26
28
18
21
13
13
9
16
17
3
11
6
5
5
4
2
3
3
2
3
2
3
3
3
1
0
1
1
1
0
1
0
0
1
0
1
0
1
3
0
0
0
1
0
0
1
0
1
2
0
0
3
1
0
0
1
2
1
3
0
1
0
0
2
0
0
0
1
2
2
0
0
0
0
0
1
0
2
2
1
2
0
0
0
0
1
0
0
1
0
2
3
0
0
3
0
0
0
1
0
0
0
0
0
1
0
1
0
0
1
0
1
0
0
0
1
0
2
0
0
0
0
0
1
0
0
3
0
0
0
0
0
1
0
1
1
1
0
0
0
3
0
1
1
1
2
0
0
0
1
1
0
0
2
0
0
0
0
1
0
2
1
1
0
3
1
1
1
0
0
0
0
1
1
1
1
1
1
0
0
0
3
1
0
0
1
0
0
1
1
1
2
0
1
2
2
3
1
0
0
0
0
0
1
0
0
1
0
0
1
0
0
1
2
1
1
0
0
0
1
0
0
1
0
1
0
0
0
1
0
0
2
1
1
0
0
0
1
0
2
0
0
0
1
0
0
0
0
0
0
1
0
0
0
0
0
1
0
1
1
1
0
0
1
0
0
2
0
0
0
0
1
1
0
1
0
0
0
3
1
0
1
0
1
1
0
0
0
0
1
0
0
1
0
1
1
1
0
1
1
2
0
0
2
0
0
0
0
1
0
0
0
1
0
0
0
0
1
2
0
0
1
1
1
0
1
1
1
0
0
1
0
0
0
1
1
1
0
0
0
1
0
0
0
0
0
0
1
0
2
1
0
1
0
0
1
0
1
0
1
1
1
1
2
1
0
0
0
0
1
0
0
0
0
1
0
1
1
0
0
0
0
1
2
0
1
1
2
1
1
1
0
0
0
0
2
2
1
2
0
1
1
2
0
0
2
0
2
1
2
0
0
1
1
0
1
0
0
1
0
2
0
0
0
3
1
1
0
0
0
0
1
0
1
0
0
2
2
1
0
1
1
0
1
1
2
2
2
1
2
1
0
3
0
4
1
0
1
1
2
0
0
2
1
0
0
2
2
1
2
1
3
1
2
1
3
3
1
2
1
0
1
0
0
1
2
0
1
3
1
3
2
2
2
1
0
0
2
4
1
1
6
1
1
1
2
0
0
1
7
2
1
3
1
3
2
2
0
1
3
1
2
1
2
0
5
2
0
0
1
2
1
1
1
0
0
0
0
0
1
1
0
0
1
0
5
1
1
1
0
1
0
3
2
0
2
1
1
0
0
0
0
0
0
2
0
0
1
1
0
1
3
2
1
0
0
2
0
0
1
0
1
1
0
1
0
1
1
1
2
1
0
0
0
1
0
0
1
0
0
0
0
1
1
1
3
2
0
0
0
1
1
0
0
0
1
2
0
1
0
0
2
3
0
0
2
1
1
1
0
0
0
0
1
1
0
1
1
1
1
0
1
0
0
1
3
2
2
0
0
0
2
2
0
0
1
0
0
1
1
1
0
2
1
1
0
1
0
0
0
0
2
0
0
2
0
0
2
3
2
2
1
0
1
0
0
0
0
0
1
1
0
0
0
0
1
0
0
0
0
0
0
0
0
0
0
0
0
1
1
0
2
1
2
0
0
2
1
1
1
0
1
0
1
0
1
0
0
1
1
0
1
1
1
1
2
1
0
0
1
0
0
0
0
3
0
2
0
0
0
0
1
0
2
2
2
1
2
0
1
0
0
0
0
0
1
1
0
0
0
0
2
0
0
1
0
0
1
2
2
0
2
0
1
0
0
0
1
0
0
2
0
2
0
1
0
0
0
0
0
0
1
1
2
0
0
0
0
1
0
2
0
0
2
1
1
0
0
0
0
1
1
0
0
1
1
0
1
0
0
0
0
2
1
1
1
0
1
0
0
0
0
0
1
1
1
2
0
0
0
0
1
1
0
0
0
1
0
1
0
0
0
0
0
0
0
0
0
1
0
0
2
1
2
0
1
0
0
1
1
1
1
0
0
0
0
0
0
0
1
0
0
0
0
3
2
2
1
0
1
1
1
0
0
0
0
0
0
2
0
0
0
0
0
0
1
0
1
0
0
0
0
0
0
0
3
0
0
2
0
0
1
1
0
2
1
0
1
0
0
2
0
0
0
1
0
1
0
0
0
0
0
0
2
0
0
0
2
1
1
1
0
0
0
1
0
1
1
0
1
0
0
0
1
2
2
0
1
2
2
0
2
0
1
2
1
0
0
2
1
2
0
1
1
0
0
1
0
0
1
2
0
2
1
0
0
0
0
1
1
0
0
2
0
0
2
2
0
0
2
1
1
3
0
2
1
1
1
1
0
2
2
0
0
2
1
1
0
0
2
2
0
1
3
1
0
0
0
0
0
1
1
0
0
1
1
3
2
2
1
0
1
1
0
2
0
0
0
1
1
0
0
0
3
3
1
0
0
0
1
2
1
1
0
0
1
0
3
1
0
2
1
3
0
1
1
0
1
0
0
0
0
1
3
0
2
1
0
2
1
1
0
1
1
0
1
1
0
0
2
2
0
0
0
0
2
1
0
0
0
3
1
0
2
0
1
1
0
1
0
1
0
0
0
0
0
2
0
1
1
1
1
1
1
0
1
2
0
2
0
2
0
0
1
2
1
1
2
1
1
1
0
1
3
2
5
2
1
2
3
1
2
0
2
0
2
0
0
1
1
0
2
1
3
1
2
3
1
0
1
0
0
1
2
1
1
1
1
2
0
1
2
4
2
1
0
2
1
0
0
0
0
0
0
1
0
0
0
0
0
0
3
0
1
0
0
0
0
0
3
0
1
2
0
1
1
1
0
1
0
1
0
0
0
1
1
2
0
1
2
3
2
0
6
3
0
2
3
0
0
1
1
0
0
0
0
0
1
1
1
0
1
2
2
0
1
0
1
1
1
3
0
0
2
1
2
2
1
0
0
2
0
0
2
0
0
0
0
1
1
0
1
0
0
1
0
0
0
1
1
0
1
1
0
2
0
0
0
1
2
3
0
1
1
0
1
0
2
1
0
1
1
1
0
0
1
0
1
0
2
0
3
3
0
1
0
1
1
0
2
0
2
1
0
0
0
1
1
0
0
2
0
0
2
1
1
0
0
1
1
0
1
1
0
2
0
0
1
0
0
2
0
1
0
0
1
2
0
0
0
1
0
0
0
0
1
0
1
0
0
0
3
0
0
2
1
0
0
0
2
2
1
0
0
0
2
1
0
0
0
0
1
0
0
0
1
2
0
0
0
0
0
3
2
1
0
0
0
0
0
0
0
1
1
0
0
1
0
2
0
0
2
0
3
0
1
2
0
2
0
1
0
2
0
1
3
1
2
0
0
0
0
2
0
0
0
1
1
0
3
2
1
1
1
2
2
1
2
2
1
0
1
0
2
1
0
1
0
1
0
1
0
2
1
4
0
1
4
2
0
0
1
3
3
3
5
2
1
9
5
7
6
5
3
7
5
6
7
8
10
11
13
14
14
9
11
17
18
25
16
22
33
23
32
32
30
23
33
38
41
35
35
53
34
40
49
53
52
56
53
45
54
51
63
62
48
69
58
72
55
59
74
63
53
67
49
53
57
60
54
69
76
55
58
63
53
63
48
57
62
57
35
37
41
38
45
39
50
38
35
32
31
32
27
29
19
21
25
23
23
19
20
11
19
15
15
11
12
6
13
9
6
7
8
4
5
9
6
6
5
3
4
1
2
5
4
4
1
1
4
1
1
1
1
4
0
2
1
0
1
1
1
0
0
3
3
3
2
0
1
2
2
1
0
0
1
3
2
1
0
2
1
0
2
2
0
2
3
1
1
1
1
0
0
1
1
1
1
1
0
0
4
4
1
0
2
4
2
0
0
1
2
2
6
2
1
2
2
2
4
2
3
2
6
0
4
3
5
1
2
4
3
5
4
4
2
3
4
5
4
6
13
5
7
9
8
2
12
7
6
10
15
13
13
8
13
7
12
11
10
10
15
9
20
19
17
13
14
6
27
17
22
22
30
18
17
21
23
24
15
25
20
21
17
17
17
22
10
21
22
19
17
17
17
21
11
15
13
20
12
13
9
20
16
14
11
7
10
9
7
6
9
9
5
5
8
5
8
12
2
3
3
4
3
4
2
2
2
1
3
4
4
3
3
2
2
1
0
0
2
2
0
3
0
3
2
0
0
0
2
0
0
2
0
0
1
2
1
0
1
0
1
0
1
0
0
0
2
1
1
1
0
2
0
0
0
1
2
1
0
0
0
0
1
2
0
1
0
1
1
1
1
0
1
2
0
0
2
1
1
1
0
2
0
1
0
0
1
0
1
1
0
0
0
1
0
0
1
0
0
0
0
0
1
0
0
1
0
1
2
0
2
1
0
1
0
1
0
1
1
0
0
2
3
3
1
1
3
4
3
2
0
1
0
1
1
2
1
3
1
2
1
1
0
2
4
3
3
2
0
1
3
1
2
3
2
0
0
1
3
3
3
1
2
2
0
2
2
1
2
3
0
1
3
3
4
2
3
1
1
3
1
0
0
1
0
2
0
0
2
0
1
2
1
0
0
1
3
0
1
2
2
0
0
2
0
3
1
0
0
0
1
1
0
0
0
0
1
0
0
0
0
0
0
1
0
1
0
0
1
0
1
0
1
0
0
0
0
2
0
1
1
3
0
0
2
0
0
1
0
0
0
0
0
0
0
0
0
0
1
1
0
1
1
1
0
0
0
0
1
2
0
1
0
0
0
1
1
1
1
2
0
0
0
0
0
0
0
3
1
0
0
0
0
0
0
1
0
0
2
0
0
0
0
0
0
1
0
0
1
0
0
1
2
0
1
2
0
2
2
1
1
1
0
1
0
0
1
0
0
0
2
0
0
1
0
0
0
2
0
0
0
0
0
0
2
0
0
0
0
0
0
1
0
0
0
0
3
0
2
1
1
1
1
2
0
0
0
1
0
0
0
0
0
0
0
1
0
2
0
0
1
0
0
2
1
0
0
1
0
0
0
1
0
1
1
0
2
0
0
1
1
0
1
0
0
0
0
1
0
1
0
2
1
0
1
0
1
0
1
1
0
0
0
0
0
1
0
1
1
0
1
0
0
0
0
0
1
0
2
0
0
1
0
1
0
0
0
0
1
0
1
0
0
0
0
0
1
1
0
1
0
0
0
0
1
0
1
1
0
1
1
1
1
1
1
0
0
0
0
0
0
1
0
0
0
0
0
0
0
0
3
1
1
0
0
0
0
0
0
0
0
2
1
0
0
0
0
1
0
0
0
2
1
1
0
1
1
0
0
0
3
0
0
0
0
1
0
0
0
1
1
0
1
1
1
1
1
0
0
1
3
0
1
1
0
0
3
2
1
0
0
0
0
1
1
1
0
0
1
2
1
0
0
0
0
1
1
1
0
0
0
1
2
0
1
0
0
0
0
2
0
0
2
0
2
0
1
0
1
1
0
0
2
0
0
2
1
0
0
0
0
0
0
1
0
0
0
0
0
1
1
1
0
2
2
2
0
0
0
0
0
1
1
0
0
1
0
1
0
0
0
0
0
2
0
0
0
0
0
0
0
1
0
0
0
0
1
0
0
0
0
1
0
0
1
0
0
1
0
0
1
1
0
0
2
0
1
1
1
0
1
0
1
2
0
2
0
0
0
1
0
1
0
1
0
0
1
0
2
0
2
0
2
1
0
1
0
0
0
0
1
2
1
1
0
1
1
1
3
0
1
2
0
1
0
0
2
1
0
0
1
1
0
1
1
1
0
1
1
1
1
1
3
0
0
1
0
0
3
1
0
2
1
1
1
0
1
1
0
1
0
1
1
2
0
0
1
1
2
2
0
1
1
1
2
1
2
1
1
1
0
1
1
0
2
1
2
0
1
1
1
0
0
0
0
1
0
0
0
0
0
1
0
0
0
2
1
0
0
1
1
0
0
2
2
0
0
1
0
0
2
1
3
1
1
0
1
1
0
1
1
1
0
1
0
1
1
0
0
1
0
3
1
0
0
2
1
1
2
2
0
1
1
1
1
1
0
1
0
1
0
0
1
0
0
1
0
0
3
1
0
0
1
0
1
0
0
1
0
1
1
0
0
0
0
1
0
2
1
2
0
1
0
2
0
0
2
0
0
0
0
1
0
2
0
1
1
1
1
1
0
0
0
1
0
2
3
0
0
2
0
0
2
2
1
0
1
0
0
2
2
2
0
1
2
1
0
0
0
0
0
1
2
0
0
0
1
0
1
1
1
1
1
0
0
1
1
1
1
0
0
1
0
1
1
0
1
1
1
2
0
2
0
0
1
2
1
1
3
2
0
1
0
1
0
0
0
2
0
0
0
1
2
0
1
0
1
0
0
1
1
1
0
2
0
0
1
0
1
0
1
1
1
1
1
0
3
0
0
0
1
0
0
0
3
2
0
1
0
0
0
1
0
0
1
0
0
1
0
1
0
0
0
0
0
1
0
0
0
1
0
2
2
1
0
6
0
0
0
1
2
0
1
0
1
3
0
1
1
0
2
2
1
1
1
2
2
1
1
1
2
0
0
1
0
1
0
1
0
3
0
1
2
0
2
0
0
1
1
1
2
0
2
2
0
1
0
2
0
1
2
2
2
1
3
2
1
3
3
4
1
2
1
2
3
4
0
0
0
0
1
5
2
3
1
2
4
2
4
1
1
3
1
1
2
0
3
4
2
2
3
2
2
4
4
5
2
1
1
4
0
2
3
2
6
0
2
3
3
3
2
1
2
4
1
1
1
3
0
3
1
0
4
2
0
1
1
0
1
0
0
0
2
0
1
0
1
0
1
1
1
0
2
1
0
0
2
1
2
0
1
2
0
0
0
0
0
0
0
1
0
2
0
0
0
1
0
2
0
0
0
1
1
0
0
0
0
0
0
1
0
1
0
1
1
0
0
0
1
1
1
0
0
0
0
0
0
0
1
0
0
1
1
0
0
1
0
0
0
0
3
0
0
0
0
2
0
1
0
0
0
1
1
2
0
0
0
0
0
0
0
0
0
0
1
0
1
1
1
1
1
1
0
0
0
0
0
1
0
0
0
3
1
0
1
0
0
1
2
0
0
0
1
3
1
1
0
0
0
0
0
0
1
1
0
0
0
1
0
1
0
0
1
1
1
0
0
0
0
1
1
1
0
0
0
1
0
0
1
0
1
2
1
1
0
1
0
0
0
0
0
0
3
2
0
1
0
1
1
0
1
2
0
0
0
1
0
1
0
0
0
0
0
0
0
0
0
0
0
0
0
1
0
1
0
0
0
0
0
0
0
1
1
0
1
1
0
0
1
0
1
1
0
0
0
0
0
0
0
2
0
0
0
0
1
2
1
0
0
0
0
0
0
1
0
0
0
0
0
0
0
1
1
1
0
0
0
0
0
0
1
1
0
0
0
0
1
0
1
1
1
1
0
0
0
0
0
1
0
0
0
1
0
0
1
1
0
0
0
0
1
0
1
1
1
0
1
1
0
0
0
1
0
0
2
0
0
0
0
0
0
0
0
0
1
1
0
1
1
1
0
0
1
1
0
0
0
0
0
0
1
0
0
1
0
0
0
0
0
0
0
1
0
0
0
0
0
2
1
1
1
0
0
1
0
0
0
0
0
1
0
0
0
0
0
1
1
0
0
3
1
0
1
0
0
2
0
1
0
0
1
1
2
1
1
3
2
1
1
0
2
1
1
0
0
0
1
0
1
1
1
2
1
3
0
1
0
1
0
2
1
2
4
2
4
2
1
1
2
1
1
0
1
0
1
2
0
1
0
0
2
0
0
0
2
1
3
0
0
2
0
1
0
0
0
0
0
0
0
0
0
1
1
1
2
0
0
0
0
2
1
0
0
1
1
1
0
0
0
1
1
0
0
1
0
1
0
1
1
1
0
0
0
0
0
0
1
0
1
0
0
0
0
0
0
0
0
0
0
0
0
0
0
0
2
0
0
0
0
0
0
0
0
0
0
0
1
0
0
1
0
0
0
0
0
0
0
0
0
0
2
2
0
1
1
1
1
0
0
1
0
0
1
0
1
0
0
0
0
1
2
0
0
1
0
1
0
1
0
0
2
1
0
0
1
0
0
0
3
2
1
0
0
0
1
0
3
1
1
0
0
0
2
0
0
0
0
2
3
2
2
0
1
1
0
0
2
1
0
2
2
1
2
1
1
1
0
1
2
1
0
1
1
1
0
0
2
0
0
0
1
0
2
0
0
0
1
0
0
0
1
1
0
1
1
1
0
1
0
1
2
2
0
1
1
0
1
0
1
1
0
0
0
0
0
0
0
0
0
0
0
0
0
0
0
0
0
0
0
0
1
0
1
1
0
2
0
0
0
0
1
0
0
0
0
0
1
0
0
0
0
0
1
0
0
0
0
1
1
0
0
0
1
0
0
0
0
0
0
0
0
0
0
0
0
0
1
0
0
0
0
0
1
0
1
1
1
0
0
2
0
1
1
0
0
0
0
0
0
0
0
0
1
1
0
0
0
0
0
0
0
2
1
0
0
0
0
0
2
0
1
0
0
0
1
0
1
1
0
0
0
0
2
1
0
0
1
0
0
0
0
1
0
1
1
0
0
1
0
0
1
0
2
0
0
0
2
0
1
0
0
0
0
0
2
0
0
0
0
0
0
0
1
0
2
0
1
0
0
0
0
0
2
0
1
2
0
0
0
3
2
0
0
0
0
0
0
0
0
1
0
0
0
0
1
0
2
0
0
0
0
0
1
0
0
1
1
0
0
0
1
0
0
1
0
1
1
0
0
1
0
1
0
0
0
1
0
1
0
0
0
1
1
1
0
0
1
0
1
0
0
0
1
0
1
1
0
0
1
1
1
0
0
0
0
0
0
1
0
1
0
0
0
1
0
0
0
0
0
1
0
0
0
0
0
1
0
1
0
0
0
0
1
0
0
1
0
0
0
0
0
0
0
1
0
0
0
1
0
0
0
0
0
0
0
0
0
0
0
1
0
0
0
0
0
0
0
1
0
0
1
0
0
0
1
0
0
1
1
0
0
1
0
0
1
0
0
0
0
0
0
0
0
0
0
0
1
0
1
0
1
0
0
0
0
1
0
1
0
1
0
1
0
2
0
0
0
0
0
0
0
0
0
1
0
0
0
0
0
0
0
0
0
0
0
0
1
0
0
0
1
0
0
0
0
0
1
0
0
0
1
0
1
1
0
0
0
1
0
1
0
0
0
0
0
1
0
0
3
0
2
0
0
1
0
0
1
0
0
1
0
1
0
0
0
0
0
0
0
0
0
0
2
0
0
0
0
0
0
0
0
0
0
0
1
0
0
0
1
0
0
0
0
0
0
1
1
0
0
0
1
0
0
1
0
0
1
0
0
0
1
0
0
0
0
0
0
1
0
0
1
0
0
0
0
0
0
1
0
1
0
1
1
1
1
1
0
0
0
0
0
0
0
0
1
0
0
1
0
1
1
0
0
0
1
0
0
0
0
0
0
1
0
0
0
0
0
2
0
0
0
0
0
0
0
0
1
1
0
0
0
1
0
0
0
0
0
0
0
0
0
1
0
0
0
0
0
0
0
0
1
1
1
1
0
0
0
0
1
1
0
0
0
0
0
1
1
0
0
0
1
0
1
0
0
0
1
0
0
0
0
0
0
0
0
0
1
0
0
0
0
0
0
0
0
1
1
0
0
0
0
1
0
1
0
0
0
0
1
0
0
0
0
0
0
0
0
1
0
1
1
0
0
1
0
0
1
0
0
0
0
0
0
0
0
0
0
0
1
0
0
1
0
1
1
0
0
0
0
0
0
0
0
0
0
0
0
0
1
0
0
0
0
0
0
0
0
0
0
0
1
0
0
0
0
0
0
0
0
0
0
0
0
0
0
0
0
0
0
0
0
0
0
0
0
0
0
0
1
1
0
0
0
2
0
1
0
1
0
0
0
0
0
0
1
0
1
1
0
1
0
0
0
0
0
0
0
0
2
0
0
2
1
0
0
0
0
0
0
0
1
0
0
0
0
0
0
1
0
0
0
0
0
0
1
0
0
2
0
3
0
0
0
1
0
0
0
0
0
0
0
0
1
0
0
0
0
0
0
0
0
1
0
0
0
0
0
0
0
0
0
0
0
0
0
0
1
1
1
0
1
1
0
0
0
0
0
0
0
0
0
1
0
0
0
0
2
0
0
0
0
0
2
0
0
1
0
0
1
0
0
0
0
3
0
1
1
0
0
0
0
0
0
1
0
0
0
0
0
0
0
0
0
0
0
1
0
2
0
0
0
0
0
0
0
0
0
0
0
0
0
1
0
0
1
0
0
0
0
0
0
0
0
0
1
0
0
0
0
0
0
0
0
0
0
0
0
0
0
2
0
0
1
0
1
1
0
0
0
0
0
0
0
0
0
0
0
0
0
0
0
0
0
0
0
0
1
0
0
0
0
0
0
1
1
1
0
0
0
0
0
1
0
0
1
0
0
0
0
0
0
0
0
0
0
0
1
0
0
0
0
0
0
1
1
0
0
0
0
0
1
1
0
1
1
1
2
2
0
0
0
0
0
0
0
1
0
0
0
1
1
1
0
0
0
0
0
0
0
0
0
0
1
0
0
1
1
0
0
0
0
0
0
0
0
0
0
0
0
0
0
0
1
0
1
0
0
1
0
0
0
0
0
1
0
0
0
0
0
1
0
0
0
0
0
0
0
1
1
1
0
0
1
0
0
0
0
1
0
0
0
1
0
0
1
0
1
0
0
0
0
0
0
1
0
0
0
0
1
0
0
0
0
1
1
0
0
0
0
0
0
1
0
0
0
1
1
0
0
1
0
0
0
2
0
0
0
1
2
0
1
0
0
0
0
0
0
1
1
0
0
0
0
0
1
0
2
0
0
0
0
0
0
0
0
1
1
0
1
0
0
0
1
0
1
1
0
0
0
0
0
0
0
0
0
0
0
0
0
1
0
0
0
0
0
0
0
0
1
1
0
0
0
0
0
0
0
0
0
0
0
0
0
0
0
0
0
0
0
0
0
1
0
0
0
0
1
0
0
0
0
0
0
0
0
0
0
0
0
0
0
1
0
0
0
0
0
0
0
0
0
0
0
0
0
0
0
0
0
0
1
1
0
0
1
0
0
0
0
0
0
0
0
1
0
0
0
0
0
1
0
0
0
1
1
0
1
0
0
0
0
1
0
1
0
0
0
0
0
0
0
0
0
1
0
0
0
0
1
0
0
0
0
0
0
0
1
0
1
0
0
1
0
0
0
0
0
0
1
0
1
0
0
0
0
0
0
0
0
0
0
0
0
0
0
0
0
0
1
0
0
0
0
0
0
0
0
0
0
0
0
0
0
0
0
0
1
2
0
0
0
0
0
0
0
0
0
0
1
0
0
0
0
1
0
0
0
0
0
0
0
0
0
1
0
0
0
0
0
0
0
1
0
0
0
0
0
0
0
1
0
0
0
0
0
0
0
0
0
0
0
0
0
0
0
0
0
1
0
0
0
0
0
0
0
0
1
0
0
0
1
1
0
0
0
1
0
1
1
0
0
0
0
0
0
0
0
0
0
0
1
0
0
0
1
0
0
0
0
1
0
0
0
0
0
0
0
0
0
0
0
0
0
0
0
0
0
0
0
0
0
0
0
1
0
0
0
0
1
0
0
0
0
0
0
0
0
0
1
0
0
0
0
0
0
0
0
0
0
0
0
0
0
0
1
0
0
1
0
0
0
0
0
0
0
0
1
0
0
0
0
0
0
0
0
0
0
0
1
0
0
0
0
0
1
0
0
0
0
0
0
0
0
0
0
0
0
0
0
1
0
0
0
0
0
0
0
0
0
0
0
0
2
0
0
1
1
0
0
0
0
0
0
0
0
0
0
0
0
0
0
0
0
0
0
0
1
2
0
0
0
0
0
0
0
1
0
0
0
1
1
0
0
0
0
0
0
0
0
1
0
0
0
0
0
0
0
0
0
0
0
0
0
0
0
1
1
0
0
0
0
0
0
0
0
0
0
0
1
0
0
0
1
0
2
0
2
0
0
0
0
0
0
0
0
0
0
0
0
0
0
0
0
1
0
1
0
0
0
0
0
0
0
0
0
0
0
0
0
0
0
0
1
0
0
0
0
0
0
0
0
0
0
0
0
0
0
0
0
0
1
0
0
0
0
0
0
0
0
0
0
0
0
0
0
0
0
0
0
0
0
0
0
0
0
0
0
0
0
0
0
1
0
0
0
0
1
0
0
0
0
0
0
0
0
0
0
0
0
0
0
0
1
0
0
1
0
0
1
1
0
0
0
0
0
0
1
0
0
1
0
0
0
0
1
0
0
0
0
0
0
0
0
0
1
0
0
0
1
0
1
0
0
0
0
0
0
0
1
0
0
0
0
0
0
0
0
0
0
0
0
0
0
0
0
0
0
0
2
0
0
0
0
0
0
0
0
0
0
0
0
0
0
0
0
0
1
0
0
0
1
0
1
0
0
0
0
0
1
0
1
0
0
0
0
0
0
0
0
0
0
0
0
0
1
0
0
0
0
0
1
0
0
0
1
0
0
0
0
0
0
0
1
0
0
0
0
0
0
0
0
2
0
0
0
0
0
0
0
0
0
0
1
0
0
0
0
0
0
0
0
1
0
1
0
0
0
0
0
0
0
0
0
0
0
0
0
0
0
0
0
0
0
0
0
0
0
1
0
0
0
0
0
0
1
0
0
0
0
0
0
0
0
1
0
0
0
0
0
0
0
1
0
0
1
1
1
0
0
0
0
0
0
0
0
0
0
0
0
0
0
0
0
0
0
0
0
0
0
0
0
0
1
0
0
0
0
0
0
0
0
0
0
0
0
0
0
0
0
0
1
0
0
0
0
0
0
0
1
0
0
0
0
0
0
0
0
0
0
0
0
0
0
0
0
0
0
0
0
0
0
0
0
0
0
0
0
1
0
0
0
0
0
0
0
0
0
0
0
0
0
0
0
0
0
0
0
1
0
0
0
0
0
0
1
0
0
0
0
1
0
0
0
0
0
0
0
0
0
0
0
0
0
0
0
0
1
0
0
1
1
0
0
0
0
0
0
0
0
0
0
0
0
0
0
0
0
1
0
0
0
1
0
0
0
0
0
0
0
0
0
0
0
1
0
1
0
0
0
0
0
0
0
0
0
0
0
0
0
0
0
0
0
0
0
0
0
0
0
0
0
0
1
0
0
0
0
0
0
0
0
0
0
0
0
0
0
0
0
0
1
0
0
0
0
0
0
0
0
0
0
0
0
0
0
1
0
0
0
0
1
0
0
0
0
0
0
1
0
0
0
0
0
0
0
0
0
0
0
0
1
0
0
0
0
0
0
0
0
0
0
0
0
0
0
0
0
0
0
0
0
0
0
0
0
0
0
0
0
0
1
0
0
0
0
0
0
0
0
0
0
0
0
0
0
0
0
1
0
0
0
0
0
0
0
0
0
0
0
0
0
0
0
0
0
0
0
1
0
0
0
0
0
0
0
0
0
0
0
1
0
0
0
0
0
0
0
0
0
0
0
0
0
0
0
0
0
0
0
1
0
0
0
0
0
0
0
0
0
0
0
0
0
0
0
0
0
1
0
0
0
1
0
0
0
0
0
0
0
0
0
0
0
0
0
0
0
0
0
0
0
0
0
0
0
0
0
0
0
0
1
0
0
0
0
0
0
1
0
0
0
0
0
0
0
0
0
0
0
0
0
0
0
0
0
0
0
1
0
0
0
0
0
0
0
0
0
0
1
0
0
0
0
0
0
0
0
0
0
0
0
0
0
0
0
0
0
0
0
1
0
0
0
0
0
0
0
0
0
0
1
0
0
0
0
0
0
0
0
0
0
1
0
0
0
0
0
0
0
0
0
0
0
0
<<END>>
<<DP5 CONFIGURATION>>
RESC=?;    Reset Configuration
CLCK=20;    20MHz/80MHz
TPEA=32.000;    Peaking Time
GAIF=0.9727;    Fine Gain
GAIN=29.999;    Total Gain (Analog * Fine)
RESL=13107;    Detector Reset Lockout
TFLA=1.200;    Flat Top
TPFA=1600;    Fast Channel Peaking Time
PURE=ON;    PUR Interval On/Off
RTDE=OFF;    RTD On/Off
MCAS=NORM;    MCA Source
MCAC=8192;    MCA/MCS Channels
SOFF=OFF;    Set Spectrum Offset
AINP=NEG;    Analog Input Pos/Neg
INOF=DEF;    Input Offset
GAIA=12;    Analog Gain Index
CUSP=0;    Non-Trapezoidal Shaping
PDMD=NORM;    Peak Detect Mode (Min/Max)
THSL=0.683;    Slow Threshold
TLLD=OFF;    LLD Threshold
THFA=11.31;    Fast Threshold
DACO=OFF;    DAC Output
DACF=0;    DAC Offset
RTDS=0;    RTD Sensitivity
RTDT=0.00;    RTD Threshold
BLRM=1;    BLR Mode
BLRD=3;    BLR Down Correction
BLRU=0;    BLR Up Correction
GATE=OFF;    Gate Control
AUO1=ICR;    AUX_OUT Selection
PRET=60.0;    Preset Time
PRER=60.000;    Preset Real Time
PREC=OFF;    Preset Counts
PRCL=0;    Preset Counts Low Threshold
PRCH=0;    Preset Counts High Threshold
HVSE=180;    HV Set
TECS=225;    TEC Set
PAPS=ON;    Preamp 8.5/5 (N/A)
SCOE=RI;    Scope Trigger Edge
SCOT=87;    Scope Trigger Position
SCOG=1;    Digital Scope Gain
MCSL=0;    MCS Low Threshold
MCSH=0;    MCS High Threshold
MCST=0.00;    MCS Timebase
AUO2=ICR;    AUX_OUT2 Selection
TPMO=OFF;    Test Pulser On/Off
GPED=FA;    G.P. Counter Edge
GPIN=AUX1;    G.P. Counter Input
GPME=OFF;    G.P. Counter Uses MCA_EN?
GPGA=OFF;    G.P. Counter Uses GATE?
GPMC=OFF;    G.P. Counter Cleared With MCA Counters?
MCAE=OFF;    MCA/MCS Enable
BOOT=ON;    Turn Supplies On/Off At Power Up
<<DP5 CONFIGURATION END>>
<<DPP STATUS>>
Device Type: DP5
Serial Number: 13140
Firmware: 6.07  Build:  3
FPGA: 6.02
Fast Count: 739078
Slow Count: 187364
GP Count: 1
Accumulation Time: 38.341000
Real Time: 60.000000
Dead Time: 74.65%
HV Volt: 181V
TEC Temp: 228K
Board Temp: 39°C
<<DPP STATUS END>>
