<<PMCA SPECTRUM>>
TAG - live_data
DESCRIPTION - 
GAIN - 5
THRESHOLD - 0
LIVE_MODE - 0
PRESET_TIME - 0
LIVE_TIME - 19.337870
REAL_TIME - 49.597000
START_TIME - 03/07/2018 16:13:46
SERIAL_NUMBER - 0
<<CALIBRATION>>
LABEL - keV
809.65 3.66
810.98 3.66
1816.99 8.05
2012.04 8.9
2012.55 8.9
2393.16 10.55
2393.61 10.55
2862.68 12.612
2862.87 12.612
5717.27 25.27
5718.07 25.27
6460.66 28.48
6462.08 28.48
<<ROI>>
592 1088
5559 5887
6373 6553
<<DATA>>
0
0
0
0
0
0
0
0
0
0
0
0
0
0
0
0
0
0
0
0
0
0
0
0
0
0
0
0
0
0
0
0
0
0
0
0
0
0
0
0
0
0
0
0
0
0
0
0
0
0
0
0
0
0
0
0
0
0
0
0
0
0
0
0
0
0
0
0
0
0
0
0
0
0
0
0
0
0
0
0
0
0
0
0
0
0
0
0
0
0
0
0
0
0
0
0
0
0
0
0
0
0
0
0
0
0
0
0
0
0
0
0
0
0
0
0
0
0
0
0
0
0
0
0
0
0
0
0
0
0
0
0
0
0
0
0
0
0
0
0
0
0
0
0
0
0
0
0
0
0
0
0
0
0
0
0
0
0
0
0
0
0
0
0
0
0
0
0
0
0
0
0
0
0
0
0
0
0
0
0
0
0
0
0
0
0
0
0
0
0
0
0
0
0
0
0
0
0
0
0
0
0
0
0
0
0
0
0
0
0
0
0
0
0
0
0
0
0
0
0
0
0
0
0
0
0
0
0
0
0
0
0
0
0
0
0
0
0
0
0
0
0
0
0
0
0
0
0
0
0
0
0
0
0
0
0
0
0
0
0
0
0
0
0
0
0
0
0
0
0
0
0
0
0
0
0
0
0
0
0
0
0
0
0
0
0
0
0
0
0
0
0
0
0
0
0
0
0
0
0
0
0
0
0
0
0
0
0
0
0
0
0
0
0
0
0
0
0
0
0
0
0
0
0
0
0
0
0
0
0
0
0
0
0
0
0
0
0
0
0
0
0
0
0
0
0
0
0
0
0
0
0
0
0
0
0
0
0
0
0
0
0
0
0
0
0
0
0
0
1
1
1
1
0
2
1
0
3
2
4
4
2
5
4
2
0
1
1
4
2
2
1
1
2
3
3
3
1
1
3
1
0
2
0
1
1
3
1
3
1
2
1
5
3
1
3
2
1
5
0
4
0
1
5
2
1
2
1
5
1
3
3
4
5
2
3
3
5
4
1
5
2
9
3
6
9
1
4
3
4
2
7
11
7
8
8
8
18
16
13
13
12
15
16
19
30
23
19
34
28
45
38
45
48
45
59
57
58
51
50
53
57
54
74
61
62
65
90
68
59
85
65
67
70
65
62
74
71
74
71
59
60
69
54
48
47
54
46
51
37
26
30
34
28
34
32
22
25
22
22
18
17
11
14
7
12
8
9
9
6
10
6
5
12
4
4
6
6
6
6
4
1
7
3
6
3
3
4
4
2
4
1
7
5
6
3
2
3
1
4
6
1
3
0
3
5
2
0
4
2
0
3
0
0
0
0
1
1
3
1
4
2
1
3
2
0
0
0
0
1
2
2
2
2
2
4
1
3
0
2
1
2
0
3
1
4
4
5
2
3
2
2
2
1
1
1
1
2
5
4
2
3
2
3
2
2
5
2
5
1
1
1
4
4
5
2
1
1
3
4
0
1
4
4
2
3
1
7
8
6
6
9
5
6
5
8
6
14
7
9
13
11
16
13
20
15
25
20
15
23
32
21
19
16
27
22
18
17
20
14
24
22
18
21
12
24
21
19
23
14
16
13
19
15
12
12
10
9
16
5
8
7
6
7
8
2
5
5
4
9
3
8
5
5
4
6
4
5
5
7
4
6
8
6
7
5
6
5
3
9
6
3
2
4
6
3
6
3
7
5
5
3
3
1
2
0
1
1
1
3
1
4
3
1
0
2
3
1
1
2
1
3
0
2
1
1
4
1
3
3
1
2
2
1
2
0
4
1
2
2
2
6
2
6
2
5
2
1
1
3
3
3
4
0
1
4
2
3
2
6
5
6
5
4
4
2
0
2
2
2
4
5
2
0
2
1
1
3
2
3
2
6
2
1
0
0
2
0
0
4
1
0
3
1
2
0
1
1
1
0
1
1
2
2
0
0
1
0
1
0
0
0
1
2
2
1
0
1
1
0
1
0
0
0
0
0
0
1
0
1
1
0
0
1
0
0
1
2
2
1
1
0
1
0
0
1
1
2
0
1
0
1
1
0
1
0
0
0
0
0
1
0
2
0
0
0
0
1
1
1
2
0
0
1
0
0
0
3
1
0
0
1
0
0
0
1
1
0
1
0
0
1
1
1
1
3
1
0
0
0
2
0
2
0
0
2
0
2
0
0
0
1
1
1
0
1
1
1
3
1
1
0
1
0
1
0
2
2
1
0
2
0
1
0
0
0
0
0
0
1
1
0
1
3
0
0
0
2
2
0
1
0
0
0
1
0
1
1
2
1
2
0
0
0
2
2
0
0
1
1
0
1
0
0
0
0
3
1
1
0
0
4
1
0
0
1
0
1
2
1
0
1
0
2
3
0
1
0
1
0
0
2
0
2
0
1
1
1
4
0
0
0
2
2
0
0
0
0
0
1
0
1
0
1
0
1
3
0
0
0
3
3
0
2
1
0
1
1
2
0
0
0
0
2
2
0
1
0
6
5
5
3
5
10
3
7
4
2
9
4
4
12
5
5
6
6
5
8
6
13
8
11
11
7
3
7
9
10
8
15
7
9
7
4
10
13
7
12
9
9
14
5
6
9
12
5
7
5
4
8
4
6
4
3
3
3
2
6
2
2
4
4
4
5
5
3
6
4
5
2
6
3
1
3
1
2
3
2
0
3
2
2
1
3
0
1
2
1
2
2
0
1
0
1
0
1
1
3
2
1
0
2
1
0
4
4
1
0
2
0
1
0
3
1
1
1
0
2
2
1
1
2
0
1
0
1
3
0
0
1
1
0
1
1
2
3
3
0
1
1
1
2
0
1
1
0
1
1
0
1
2
4
2
0
1
2
1
0
2
1
1
2
3
0
0
1
1
2
0
1
0
1
1
1
1
2
2
1
1
1
4
2
1
3
3
5
4
2
1
6
2
6
5
5
2
2
5
4
4
6
9
4
6
4
3
6
6
6
4
3
5
9
9
6
9
4
2
6
13
13
8
8
9
10
12
7
13
10
11
7
9
8
11
9
9
9
5
11
6
9
6
8
5
1
3
6
4
13
8
8
6
5
10
5
4
4
7
4
3
7
1
4
3
6
7
5
2
2
2
3
2
6
5
2
3
1
2
5
1
0
2
5
6
4
4
3
3
2
1
1
1
4
1
4
1
1
3
0
3
2
0
1
2
1
1
0
2
0
2
0
2
2
0
2
2
0
4
2
2
3
2
4
0
1
2
1
3
3
2
0
1
0
0
0
1
2
1
0
3
1
2
0
0
1
1
0
0
1
0
2
0
6
0
1
1
4
4
0
2
1
2
3
4
2
1
5
3
2
0
2
4
5
1
0
0
4
4
2
4
2
0
1
0
1
0
0
2
2
0
0
2
4
1
2
2
3
0
0
1
2
2
1
1
3
1
0
0
4
1
3
2
0
1
1
0
1
1
3
1
2
2
0
0
0
3
1
1
0
2
1
0
3
0
3
0
1
0
1
2
1
3
2
0
1
2
1
3
0
1
0
2
2
2
2
1
1
0
1
0
2
1
0
3
2
2
4
2
2
0
2
1
1
1
1
4
2
1
0
0
2
5
2
0
4
0
1
3
2
2
1
5
0
5
0
2
2
0
4
4
3
1
1
2
3
6
2
3
3
1
4
5
5
4
4
5
1
1
3
6
8
6
8
1
5
2
2
4
4
2
3
4
1
3
3
0
4
2
2
5
1
3
0
2
3
1
2
2
1
2
2
1
3
2
4
2
2
1
1
2
2
0
1
1
3
1
0
2
2
1
7
2
1
2
4
4
3
2
2
1
2
1
2
5
1
6
4
5
4
2
2
0
2
2
4
3
6
2
5
9
2
1
5
4
3
4
5
7
4
9
1
5
6
5
6
8
2
6
1
12
8
5
9
5
7
6
6
1
8
12
8
2
8
1
6
13
6
2
2
4
5
4
3
7
7
3
4
4
5
2
2
2
2
6
5
3
4
1
3
2
5
3
4
4
8
1
6
3
4
4
2
6
5
6
1
5
1
2
7
4
2
3
3
4
6
2
4
5
2
4
4
4
5
4
7
5
2
5
6
8
8
4
8
2
7
2
3
5
6
2
4
4
3
7
8
5
6
4
6
4
12
6
6
8
5
11
4
1
4
9
8
7
6
7
8
7
6
5
1
8
11
6
6
9
9
4
4
6
6
4
5
9
7
8
8
3
8
10
8
6
6
3
2
6
1
3
5
5
2
9
2
9
2
5
7
4
3
7
2
1
3
4
5
3
5
4
3
2
6
2
1
5
2
2
7
5
7
6
9
12
9
9
4
19
10
13
11
7
18
14
20
8
18
20
22
23
27
24
40
31
38
37
38
42
35
37
53
42
52
53
38
31
57
44
50
40
58
50
62
54
50
57
52
59
51
44
39
46
61
55
49
41
53
48
41
23
37
40
39
27
30
30
24
28
24
27
25
27
28
23
24
18
21
15
12
18
21
16
12
12
17
12
13
10
5
14
6
12
10
7
9
10
9
12
8
7
8
9
2
5
7
4
5
2
7
6
4
4
5
1
4
3
2
2
5
3
5
4
3
6
3
5
3
4
7
5
7
4
5
1
4
2
2
4
5
6
5
2
3
6
4
6
4
3
1
5
2
4
7
6
2
6
4
6
2
4
4
2
6
1
3
4
5
7
8
5
5
2
3
2
2
7
4
6
9
6
4
5
4
3
6
5
7
7
3
4
7
4
3
9
4
6
4
4
7
8
4
5
4
3
5
6
5
6
3
7
4
3
5
11
6
4
3
1
3
0
5
2
6
3
4
4
6
6
4
6
8
6
4
3
8
5
7
8
9
2
2
4
4
10
12
7
5
10
6
13
7
16
18
12
8
15
19
15
20
22
29
28
22
29
32
40
57
43
51
68
77
63
84
98
90
123
119
120
136
143
160
170
206
219
242
251
274
300
338
351
362
377
441
472
476
510
553
545
612
623
673
690
752
777
798
769
840
867
876
908
1010
976
917
1058
992
997
1028
984
1013
1066
1053
1009
1063
1036
997
1012
911
935
908
919
840
805
859
777
765
659
684
636
676
554
536
528
500
504
461
378
394
371
312
295
258
255
261
201
210
166
163
133
135
149
100
133
98
92
71
77
68
56
49
46
39
42
35
38
34
31
27
17
18
20
20
18
15
20
11
9
12
16
16
19
5
8
7
12
11
8
6
6
10
10
7
6
11
14
7
6
4
11
11
11
8
11
9
8
19
17
16
16
20
13
17
13
13
18
15
12
27
13
20
16
16
26
20
15
15
20
25
25
21
31
25
22
36
22
22
22
33
31
26
25
40
25
16
26
27
26
24
26
23
37
29
27
35
31
27
26
28
26
27
25
19
21
30
25
26
21
20
21
20
12
24
19
27
19
19
12
11
11
18
18
14
11
12
19
10
12
11
7
5
12
8
7
9
16
5
8
8
7
7
15
11
10
7
6
6
6
6
8
10
3
4
7
7
7
6
1
7
10
2
3
3
7
4
8
6
3
4
4
4
6
3
5
3
10
4
6
8
5
5
6
8
6
6
5
4
6
4
2
5
7
5
9
3
5
1
7
8
3
2
7
4
5
3
4
8
8
2
7
4
8
9
3
7
4
7
9
7
7
3
11
6
10
5
9
8
11
8
6
12
7
2
6
5
11
8
14
11
18
11
10
10
17
18
14
18
16
23
17
27
15
25
28
17
33
38
33
34
32
33
50
46
54
44
41
40
43
47
44
73
51
63
54
60
68
65
77
79
83
60
72
77
76
81
75
96
87
85
100
95
95
93
109
108
110
121
111
109
110
118
121
136
132
133
151
153
182
162
194
196
238
186
245
245
268
292
305
309
303
369
370
348
387
411
440
452
473
483
507
513
594
567
532
686
592
604
659
689
674
700
722
670
729
691
773
718
739
732
680
715
711
766
681
729
755
656
712
659
640
644
687
620
680
659
587
533
579
545
516
619
533
532
552
495
480
502
448
427
478
425
447
431
399
379
379
339
320
366
333
323
291
263
288
238
264
218
220
214
192
187
184
164
159
143
142
152
120
144
111
112
116
111
108
96
71
73
61
86
52
82
67
50
46
38
48
42
48
43
45
43
25
28
38
33
25
26
25
30
36
24
27
32
33
31
32
24
26
24
23
24
20
34
30
20
24
30
19
25
26
24
34
26
12
27
22
22
15
27
15
15
22
17
10
17
15
20
15
22
10
14
9
10
7
9
9
15
10
11
5
11
5
5
6
8
6
10
5
4
4
7
6
6
5
5
7
3
3
8
5
3
7
4
4
3
1
3
4
3
5
2
0
4
3
3
2
1
3
1
2
4
0
2
1
3
4
2
4
3
0
2
1
4
0
3
2
2
3
4
1
5
1
4
1
2
1
1
1
2
4
0
2
1
4
2
2
1
1
1
2
4
1
2
1
2
3
4
3
3
2
2
2
3
3
1
0
3
3
3
5
2
3
2
1
0
2
2
3
4
3
3
1
5
2
3
2
2
1
2
3
1
3
3
5
2
2
1
2
4
1
1
2
3
2
3
9
5
2
5
0
2
3
4
1
6
4
2
4
3
0
3
2
1
3
3
4
6
1
3
6
2
2
4
5
0
3
5
3
3
5
2
7
3
3
3
6
5
4
3
5
5
4
4
3
5
5
7
4
4
9
6
5
3
4
5
6
1
7
3
6
7
8
4
4
8
6
8
7
3
4
5
3
10
10
6
5
5
10
12
11
5
4
4
3
3
4
4
7
3
4
7
4
4
4
8
5
4
9
5
5
4
8
13
7
14
9
10
8
14
9
13
14
12
21
11
23
27
26
23
13
20
30
35
32
43
38
45
45
40
33
56
64
56
55
55
61
69
69
72
80
73
67
75
83
76
82
71
95
66
82
92
85
94
60
90
86
89
75
88
79
80
67
85
98
78
66
57
61
54
65
63
53
48
52
44
48
51
47
45
41
37
42
33
30
34
28
39
21
18
15
22
20
28
29
15
16
17
18
27
22
16
21
22
14
21
19
19
14
18
16
17
17
18
20
26
19
26
21
30
14
26
17
24
23
29
24
15
27
23
34
23
25
27
22
34
28
16
21
21
25
26
28
22
24
22
29
30
26
27
22
21
17
16
11
29
25
19
10
16
17
13
19
16
10
16
13
12
13
7
17
10
9
12
11
7
8
5
6
10
5
4
8
7
4
7
1
3
5
2
8
2
5
6
2
2
2
2
4
4
1
1
3
2
1
4
3
2
1
0
2
0
1
1
2
1
4
3
0
3
1
1
1
1
1
1
3
2
1
5
4
3
3
3
3
3
0
5
2
3
2
0
3
4
3
6
2
4
4
2
2
5
3
1
2
3
2
5
4
3
4
5
4
6
2
3
2
3
1
6
0
3
2
6
3
7
1
4
3
4
2
2
3
1
6
4
2
1
1
1
4
2
1
1
2
2
0
0
0
3
3
2
0
4
1
2
3
0
0
0
1
1
1
2
1
1
1
0
2
2
2
1
1
0
0
0
1
2
3
0
1
1
1
1
1
1
1
2
3
0
2
0
1
3
1
3
2
1
1
0
1
2
4
0
0
0
3
0
1
2
0
1
3
1
2
0
1
3
0
0
1
1
2
3
2
1
0
1
3
0
2
2
2
0
0
1
3
1
0
1
1
2
1
2
0
1
1
2
2
2
1
2
1
2
1
0
2
0
4
1
1
1
1
1
0
1
1
2
3
3
0
3
2
0
3
0
1
1
0
1
0
3
2
3
2
0
2
1
0
3
2
1
3
1
1
1
1
2
1
3
1
2
0
0
1
1
1
1
1
1
2
1
0
1
0
0
2
2
0
1
2
2
0
0
1
0
1
1
1
1
0
0
2
1
0
1
0
4
0
1
1
0
2
4
1
1
0
1
2
0
2
1
2
1
2
1
2
1
0
2
0
1
3
0
1
2
3
2
2
1
2
1
3
2
1
2
1
0
2
0
0
0
1
0
0
1
1
0
1
1
1
0
0
2
1
0
1
0
0
0
1
1
4
2
0
1
1
2
2
0
2
0
0
2
1
0
0
0
1
1
1
1
1
0
0
0
1
0
0
0
0
0
0
0
0
1
0
0
0
2
1
1
2
2
0
1
0
0
1
2
2
0
2
1
1
2
2
1
3
1
0
1
1
2
3
3
0
1
3
1
1
3
1
2
0
2
2
1
1
1
0
0
0
1
0
1
1
0
3
1
2
1
1
0
2
0
0
1
3
1
0
1
1
4
1
1
2
3
0
2
0
4
2
0
1
1
1
1
0
1
1
3
2
2
0
2
2
2
1
1
1
1
2
4
0
0
1
0
0
1
1
1
0
2
0
1
1
0
1
0
0
0
0
1
0
0
1
1
0
0
1
0
2
0
4
0
2
1
0
2
1
0
0
0
0
2
0
2
2
0
0
0
0
0
1
1
0
1
1
2
0
1
1
0
0
1
2
0
2
1
1
1
2
1
0
0
1
1
1
1
0
2
0
0
1
1
1
1
0
2
0
0
1
0
0
2
4
0
2
1
0
1
0
1
2
0
0
2
0
1
1
1
1
0
0
2
0
0
2
0
2
1
3
2
1
1
0
3
0
1
0
0
0
2
2
0
2
1
1
0
2
1
0
1
0
1
1
0
0
0
1
4
0
1
2
0
2
0
0
0
1
2
1
1
2
1
1
2
1
0
2
0
2
1
1
0
1
0
0
0
1
2
0
1
2
2
1
0
0
1
1
0
0
0
0
2
4
1
0
1
0
2
1
2
0
1
4
0
1
1
0
2
1
2
1
1
1
1
1
2
1
2
1
1
1
0
0
0
1
0
1
1
1
1
1
1
0
0
0
1
0
1
1
2
0
0
2
4
1
0
1
2
0
2
0
0
1
0
1
0
1
1
1
1
1
2
2
1
0
0
1
1
0
0
1
1
0
0
1
0
0
0
1
0
2
0
1
2
1
0
1
3
2
0
4
1
1
0
1
1
0
1
2
1
0
1
1
1
3
1
0
2
2
2
3
3
1
1
2
0
2
0
2
1
0
2
0
0
0
1
1
3
0
1
2
0
1
1
3
0
0
0
1
0
2
1
1
1
0
3
1
1
2
2
1
1
1
0
3
0
2
1
2
0
3
1
2
1
0
0
1
2
1
1
5
1
3
0
0
2
1
1
0
2
2
0
1
0
0
0
2
0
2
0
0
1
0
2
2
2
0
0
0
0
1
1
1
2
1
1
1
0
1
3
1
0
0
1
0
1
1
1
1
2
2
1
1
0
2
1
0
0
1
0
0
3
3
2
1
1
1
1
1
0
1
1
2
1
1
4
2
2
2
4
0
2
2
4
2
2
2
1
1
1
0
1
2
4
0
0
0
0
3
3
1
0
1
0
1
2
6
0
2
1
0
3
2
3
1
1
0
0
3
1
2
1
3
0
1
4
1
1
1
1
0
0
0
1
0
0
1
0
0
1
1
1
3
3
1
1
0
1
1
2
0
1
0
0
0
1
2
0
2
1
0
0
2
0
1
0
0
0
0
1
2
0
2
2
0
0
2
0
1
0
1
0
1
1
0
0
0
1
0
0
1
1
0
0
3
1
1
2
1
1
1
3
1
2
0
1
0
0
2
0
0
0
0
0
1
0
1
0
1
3
0
2
1
1
0
0
1
0
1
0
0
1
0
1
1
1
1
2
0
1
2
0
0
0
0
0
0
0
2
1
1
1
1
3
1
0
1
2
1
1
1
1
1
2
1
2
0
0
1
1
0
1
1
0
0
0
1
1
0
0
1
0
0
0
1
0
1
2
3
1
0
0
0
3
2
1
2
0
0
1
0
0
0
0
0
1
2
0
1
1
1
2
2
1
1
0
0
0
2
2
3
1
1
2
6
4
1
0
3
2
3
1
1
4
1
3
1
5
5
7
0
7
7
1
4
7
0
7
2
6
3
5
11
8
5
1
2
5
6
7
5
2
3
8
6
7
4
7
10
9
3
6
4
0
4
4
11
5
12
9
1
7
2
4
5
3
2
3
4
10
9
6
4
4
2
5
3
4
5
4
1
6
3
4
0
2
3
2
3
2
0
0
4
1
2
3
3
4
3
0
1
4
3
0
3
2
0
2
2
1
1
2
2
3
2
2
2
0
0
0
1
1
0
2
1
1
0
3
2
2
3
1
0
2
3
2
2
0
1
1
2
0
1
0
0
1
0
0
1
0
0
1
4
1
0
4
1
2
4
1
0
1
1
2
0
2
0
0
2
3
2
1
2
0
4
0
2
2
1
3
3
3
3
1
2
0
2
2
0
1
2
1
1
0
2
1
3
3
0
1
1
1
2
3
1
2
2
1
2
2
1
1
2
1
0
0
0
1
0
0
1
1
2
0
2
1
3
1
2
1
1
0
1
1
1
0
1
1
1
1
1
0
2
0
1
2
1
1
0
1
0
2
1
0
1
0
0
1
0
1
1
0
3
1
0
1
0
2
0
1
0
1
1
1
0
0
2
0
0
1
0
0
2
0
1
1
1
0
0
1
1
2
0
2
0
0
1
0
1
1
0
0
0
1
1
0
1
3
2
0
0
0
0
0
3
0
0
1
0
0
1
0
0
3
0
2
2
1
0
1
0
2
1
0
1
2
1
0
2
0
1
1
3
4
0
1
1
3
2
1
3
2
2
0
0
2
1
1
1
2
1
1
2
2
0
1
5
2
2
0
3
3
5
2
1
1
2
2
1
1
1
3
4
2
0
4
3
4
3
3
2
4
3
2
6
5
2
4
2
3
2
6
2
4
5
2
3
2
2
4
3
3
3
6
3
6
2
8
4
4
3
5
5
4
12
8
6
7
6
6
9
7
5
3
3
4
5
7
9
12
8
12
5
6
8
8
10
13
8
9
9
10
9
6
6
6
5
4
11
6
10
9
7
10
13
8
7
10
8
10
9
9
8
10
5
9
8
6
11
6
13
4
6
3
5
3
6
2
2
5
8
6
4
6
5
5
3
5
7
4
0
3
6
2
4
5
2
3
3
1
2
2
1
1
3
2
3
3
5
2
4
2
0
2
3
3
0
1
3
5
3
5
0
2
0
0
4
1
2
0
0
3
1
4
2
0
2
0
1
2
1
3
2
0
2
1
2
0
0
2
1
1
1
0
2
3
0
1
0
1
0
2
3
2
0
0
0
2
1
1
0
0
3
3
2
3
0
1
1
0
1
1
1
1
2
1
1
0
1
4
3
1
4
0
0
3
0
1
3
1
1
4
3
1
1
3
1
4
3
7
6
1
4
1
1
2
2
6
3
1
6
5
5
6
0
3
6
4
2
4
2
1
4
2
4
1
2
4
4
5
5
11
2
3
5
5
3
8
5
7
4
5
2
4
3
8
5
4
3
5
5
3
5
1
0
5
3
2
4
5
2
3
1
2
3
2
2
3
5
3
4
4
3
1
2
3
1
8
2
2
4
5
5
1
0
1
1
0
0
3
3
2
1
0
1
1
0
1
3
2
1
3
0
0
0
0
0
2
0
4
1
3
1
1
0
0
1
0
2
1
0
0
2
2
0
1
1
1
0
0
2
0
3
1
1
1
0
1
1
0
1
1
0
1
1
1
0
1
1
3
1
1
0
1
3
0
0
1
2
2
3
2
2
0
2
2
1
2
1
4
1
2
1
0
1
0
1
5
0
1
0
5
3
3
4
3
1
4
1
1
0
5
2
3
1
2
3
4
3
4
2
0
5
0
2
2
1
2
3
1
2
10
1
6
3
2
5
2
3
1
1
7
7
4
0
6
6
4
3
6
3
4
6
3
4
5
5
2
1
6
4
3
4
3
2
5
4
3
5
4
4
5
3
6
4
3
2
7
7
3
6
4
6
1
0
6
2
7
0
7
1
2
3
2
0
5
1
2
3
4
2
2
1
7
1
0
3
2
4
2
2
2
1
5
4
2
3
4
2
0
3
4
4
2
0
2
1
1
2
2
1
0
1
1
1
4
4
0
2
0
0
0
2
2
2
3
2
3
0
1
1
0
0
2
1
0
2
0
0
1
0
0
1
0
1
1
0
1
2
0
1
1
0
1
1
0
0
0
3
2
0
2
1
1
0
0
0
0
2
2
1
1
2
0
0
1
0
0
1
1
0
5
1
0
0
0
2
0
0
1
0
1
1
0
0
0
0
0
0
0
1
0
0
2
1
0
0
0
1
2
0
2
0
0
0
0
1
1
0
2
2
1
1
0
0
0
0
0
0
0
0
1
0
0
1
0
2
2
0
0
0
0
0
0
0
0
1
0
0
1
0
0
1
0
1
2
0
1
0
0
0
0
0
0
0
0
0
2
1
1
2
2
0
1
0
1
1
0
0
2
0
0
0
0
0
3
0
0
0
0
0
1
0
1
0
0
0
0
0
0
0
1
1
0
1
0
0
1
0
1
0
0
0
1
1
1
0
0
1
0
0
0
1
0
2
1
0
0
0
1
0
1
0
0
0
0
0
0
0
1
0
1
0
0
0
0
0
0
2
2
2
0
0
0
0
0
1
0
1
0
0
0
0
0
0
0
1
0
1
1
0
1
0
0
1
0
0
1
1
1
0
0
0
1
0
0
0
0
0
0
0
1
0
0
0
0
1
1
0
1
4
0
1
2
2
1
0
3
0
1
0
1
2
0
0
2
2
0
3
1
0
0
5
2
1
0
1
0
1
0
1
1
0
1
1
1
1
1
1
1
1
1
0
1
1
1
3
3
1
1
1
1
2
0
1
2
5
1
0
2
0
2
0
1
1
1
1
3
3
2
0
0
0
3
2
4
2
1
0
2
2
3
0
2
2
0
1
2
1
1
3
3
1
2
1
0
2
0
0
2
0
1
4
1
0
2
1
2
1
1
0
0
0
1
0
3
1
2
0
2
2
1
0
1
1
1
2
1
0
0
1
0
1
0
1
1
2
2
0
2
0
1
3
1
0
0
0
1
0
2
2
0
0
0
2
1
1
1
0
0
0
0
1
0
1
0
1
4
0
1
1
2
0
2
0
0
1
0
1
1
0
0
0
0
1
0
2
1
0
1
1
0
2
0
0
0
1
0
0
0
1
0
2
0
0
0
1
1
0
0
1
1
1
1
2
1
1
0
0
1
0
2
0
0
0
1
0
0
0
0
0
2
0
0
0
0
0
0
0
1
0
0
0
0
0
0
0
0
1
0
0
0
2
0
0
0
0
0
1
0
0
1
1
0
0
1
0
0
0
0
0
0
0
0
0
0
0
0
1
0
2
0
0
0
0
2
0
1
0
0
0
0
1
2
1
1
1
1
1
0
0
0
1
1
0
0
0
0
1
1
0
0
0
0
1
1
0
1
1
0
1
0
0
1
2
0
1
1
0
0
0
0
0
0
2
0
0
0
0
1
1
0
1
0
0
0
0
0
1
0
0
0
0
1
1
0
0
0
1
2
0
0
0
0
0
0
0
0
0
0
0
2
1
0
1
0
0
1
1
1
2
0
0
0
0
1
1
0
0
0
0
0
1
0
1
0
0
1
1
0
0
0
0
0
1
1
0
0
1
0
0
1
0
0
0
1
0
0
0
0
1
1
0
1
0
0
0
0
0
0
0
0
1
1
1
1
2
0
0
0
0
0
1
0
0
0
1
0
0
0
0
1
0
1
0
2
0
0
2
1
0
0
0
3
1
0
0
0
0
1
2
1
0
0
1
0
2
0
0
0
1
0
1
1
0
0
0
0
0
0
1
1
1
0
0
1
1
0
0
1
0
1
0
0
0
1
1
2
0
0
0
0
2
0
0
0
2
0
1
1
0
0
0
1
0
1
1
0
1
0
1
1
0
1
0
1
0
0
0
1
1
0
1
1
1
0
1
1
0
1
0
0
1
0
0
0
0
0
0
1
0
1
1
0
0
1
0
0
0
0
0
0
1
0
0
0
0
2
1
1
1
0
0
0
1
0
0
0
1
2
0
0
0
0
0
0
0
1
0
0
1
0
0
0
1
1
0
0
0
1
0
0
0
0
1
1
0
1
0
0
0
0
0
0
0
0
0
1
0
0
0
0
0
2
0
0
0
2
1
1
0
0
0
0
0
1
1
0
0
0
0
1
0
0
2
1
0
1
1
1
0
0
0
2
1
0
0
0
0
0
1
1
0
1
0
1
0
0
0
0
1
0
0
0
0
2
0
0
0
0
0
0
0
0
0
1
1
0
0
0
0
0
1
0
1
0
0
1
0
0
0
0
2
0
0
0
0
0
0
0
2
1
0
0
0
2
0
1
0
0
0
2
0
1
0
0
0
0
0
0
1
0
0
0
0
1
1
0
0
0
0
0
0
0
0
0
0
0
0
1
0
0
0
0
1
0
1
0
0
0
1
0
1
0
0
0
0
1
0
1
0
0
0
0
0
1
0
1
0
0
0
0
0
0
0
0
1
0
1
0
0
0
0
0
0
0
0
0
2
0
1
1
0
0
1
0
0
1
0
1
0
0
0
0
0
1
0
1
1
1
0
0
0
0
0
1
0
0
0
0
0
1
0
1
0
0
0
0
0
0
1
1
0
1
0
1
0
0
0
0
1
1
0
0
0
0
2
0
0
1
0
0
0
0
0
0
0
1
0
0
0
1
0
0
0
0
0
0
0
0
0
0
0
0
1
0
1
0
1
2
0
1
0
0
0
0
0
1
1
1
0
0
1
0
0
0
0
0
0
0
0
1
0
0
1
0
1
0
1
0
1
1
0
0
1
0
0
1
0
0
0
0
0
1
0
0
0
0
0
0
0
0
0
0
1
1
0
0
1
0
0
0
0
0
1
0
0
1
0
0
1
0
0
1
1
0
0
1
0
0
0
1
0
0
1
0
0
1
0
0
0
1
0
0
0
0
0
1
1
0
1
0
1
2
1
0
0
0
0
1
1
0
0
0
0
0
0
0
0
1
0
1
1
0
1
0
0
0
0
0
1
1
0
0
0
0
1
0
0
0
0
0
0
0
1
0
0
0
1
0
2
0
1
0
0
0
0
0
0
1
0
0
0
0
1
0
0
0
0
1
0
0
1
0
0
0
0
0
0
0
1
1
0
0
1
1
0
0
0
1
0
0
0
0
1
0
0
0
0
0
0
1
0
0
0
1
0
0
0
0
0
1
0
0
1
0
0
1
0
0
0
0
0
1
0
1
1
0
0
0
0
0
0
0
0
0
0
1
2
0
1
0
0
0
0
0
1
0
0
0
0
0
0
0
0
1
2
0
0
1
0
0
1
1
1
0
0
0
0
1
1
0
0
0
0
1
0
0
0
1
0
2
0
0
0
1
1
0
0
0
1
0
0
1
1
0
0
2
0
0
0
1
0
1
0
0
0
0
0
0
0
0
0
0
0
1
2
1
0
1
0
0
0
0
0
1
1
0
0
0
0
0
0
0
0
1
0
0
0
0
0
0
1
0
0
0
1
0
0
0
0
0
0
0
0
0
0
1
0
0
0
1
0
0
0
0
0
0
0
1
0
0
1
0
1
0
0
0
0
1
0
0
0
0
0
0
0
1
0
0
1
0
0
0
0
0
1
1
0
0
0
0
0
0
0
0
1
0
1
0
0
2
0
0
0
1
0
0
0
0
0
0
0
0
0
1
0
0
0
0
0
0
0
0
0
0
1
0
2
0
0
0
0
0
1
0
0
0
0
0
0
0
0
0
0
0
1
1
2
2
0
1
1
0
0
0
1
0
0
0
0
1
0
0
0
0
0
0
0
0
0
1
0
0
0
0
2
0
0
1
0
0
1
0
1
0
0
1
0
0
0
1
0
1
1
1
0
1
0
0
0
0
0
0
0
1
0
1
0
0
0
1
1
0
2
0
2
1
1
0
0
0
0
0
0
0
0
0
0
0
0
0
1
0
0
0
0
0
0
0
0
0
0
0
1
0
0
0
1
0
1
0
0
0
0
1
0
4
0
0
0
0
1
1
0
1
0
0
0
0
2
0
0
0
1
0
0
0
0
0
0
0
0
0
0
0
0
1
0
0
1
0
0
1
1
0
0
0
1
0
0
0
0
0
2
0
4
0
0
0
0
1
0
0
0
0
0
1
0
1
0
1
0
0
0
0
0
0
0
0
0
1
0
0
0
0
1
0
0
0
0
0
0
0
0
1
0
2
1
0
1
1
0
0
1
0
1
1
0
0
0
0
0
0
1
0
0
0
0
0
0
0
0
1
0
0
0
0
0
0
0
0
1
0
1
0
0
0
0
0
0
0
0
0
1
0
1
0
0
1
1
0
0
0
0
0
0
0
0
1
0
1
0
1
0
0
0
0
0
0
1
0
1
0
0
0
0
0
0
0
1
0
1
0
0
0
1
0
1
0
0
0
1
0
0
0
1
0
0
0
0
0
0
0
0
0
0
0
0
0
0
0
0
1
0
0
0
0
1
0
0
0
0
1
0
0
0
0
0
1
0
0
1
0
0
1
0
0
0
0
0
0
0
0
0
0
0
0
1
1
0
0
0
1
1
1
0
0
0
0
1
0
0
0
0
0
1
0
0
0
0
0
0
0
0
0
0
0
0
0
0
0
0
0
0
0
0
0
1
0
0
0
0
0
1
0
0
0
2
0
0
1
0
0
0
0
1
0
0
0
0
0
0
2
0
0
1
1
0
0
0
0
0
0
0
0
0
0
0
0
0
0
0
0
0
0
0
0
1
1
0
1
0
2
1
0
1
1
0
0
0
1
0
0
1
0
0
0
0
0
1
0
0
1
0
0
0
0
0
0
0
0
0
0
0
1
0
0
0
0
0
1
0
1
0
0
0
0
0
0
0
0
0
0
0
0
0
1
0
0
0
0
1
1
0
0
0
0
0
0
0
0
0
1
1
1
0
1
0
0
0
0
1
1
1
0
0
1
0
0
0
0
0
0
0
0
0
0
0
0
0
0
0
1
0
0
0
0
0
0
0
0
0
0
0
0
0
0
0
0
0
0
0
0
0
0
0
0
1
1
1
0
0
0
0
0
0
0
1
0
0
0
0
0
0
0
0
0
2
0
0
1
0
0
0
0
0
1
0
0
0
0
0
0
0
1
0
0
0
0
0
0
0
0
0
0
0
1
0
0
1
0
0
2
0
0
0
1
1
1
0
1
0
0
0
0
0
2
0
0
1
0
0
0
0
0
0
0
0
0
0
0
0
0
0
0
0
0
0
1
0
0
0
0
2
0
0
0
0
0
1
0
0
0
0
0
0
0
0
0
1
0
0
0
0
1
0
0
0
0
0
0
1
0
1
0
1
0
0
0
0
0
0
0
0
0
0
0
0
0
0
0
0
0
0
0
0
1
1
0
0
0
0
0
0
0
0
0
0
0
1
0
0
1
0
0
0
0
0
0
0
0
0
0
0
0
0
0
0
0
0
1
1
0
2
0
0
0
0
0
0
0
0
0
0
0
0
1
0
0
0
0
0
0
1
0
1
0
0
0
0
0
0
0
0
0
0
0
0
0
0
0
0
0
0
0
0
0
0
0
2
0
0
0
0
0
0
0
1
0
0
0
0
0
1
0
0
0
0
0
0
0
0
0
0
0
0
0
0
0
0
0
0
0
0
0
0
0
0
0
0
1
0
0
1
0
0
0
0
0
0
0
0
0
0
1
0
0
1
0
0
1
0
0
0
0
0
0
1
0
1
0
0
0
0
0
1
0
0
0
0
0
1
0
1
0
0
0
0
0
0
0
1
0
1
0
0
0
0
0
0
0
0
0
0
0
0
0
0
0
0
0
0
0
0
0
0
0
0
0
1
0
0
1
0
0
0
0
0
0
0
0
0
0
0
1
0
0
0
0
0
0
0
0
0
0
0
0
0
0
0
0
0
0
0
0
0
0
0
1
0
0
1
0
0
0
0
0
0
0
0
0
0
0
0
1
0
0
0
0
0
0
0
0
0
0
0
0
0
0
0
1
0
0
0
0
0
0
0
0
0
0
0
0
0
0
0
0
0
1
0
0
0
0
0
0
0
0
0
0
0
0
0
0
0
0
0
0
0
0
0
0
0
0
0
0
0
0
0
0
0
0
2
0
0
0
0
0
0
0
1
0
0
0
0
0
0
0
0
1
1
0
0
0
1
0
0
0
0
0
1
0
1
0
1
0
0
1
0
0
1
0
0
0
0
0
0
0
0
0
0
0
0
0
0
0
0
1
0
0
1
2
0
0
0
0
0
0
0
0
0
0
0
0
0
0
0
0
2
0
0
0
0
0
1
0
0
0
0
0
0
0
0
0
0
0
0
0
0
0
0
0
0
0
0
0
0
0
0
1
0
0
0
0
0
0
0
0
0
0
0
0
1
0
0
0
0
0
1
0
0
1
0
0
0
0
0
0
0
0
0
0
0
0
0
0
0
0
0
0
0
0
0
0
0
0
0
0
1
0
0
0
0
0
0
0
0
0
0
0
0
0
0
0
1
0
0
0
0
1
0
0
0
0
0
0
0
0
0
0
0
0
0
0
0
0
0
0
0
0
0
0
0
1
0
0
0
0
0
0
0
0
0
0
0
1
<<END>>
<<DP5 CONFIGURATION>>
RESC=?;    Reset Configuration
CLCK=20;    20MHz/80MHz
TPEA=32.000;    Peaking Time
GAIF=0.9727;    Fine Gain
GAIN=29.999;    Total Gain (Analog * Fine)
RESL=13107;    Detector Reset Lockout
TFLA=1.200;    Flat Top
TPFA=1600;    Fast Channel Peaking Time
PURE=ON;    PUR Interval On/Off
RTDE=OFF;    RTD On/Off
MCAS=NORM;    MCA Source
MCAC=8192;    MCA/MCS Channels
SOFF=OFF;    Set Spectrum Offset
AINP=NEG;    Analog Input Pos/Neg
INOF=DEF;    Input Offset
GAIA=12;    Analog Gain Index
CUSP=0;    Non-Trapezoidal Shaping
PDMD=NORM;    Peak Detect Mode (Min/Max)
THSL=4.492;    Slow Threshold
TLLD=OFF;    LLD Threshold
THFA=11.62;    Fast Threshold
DACO=OFF;    DAC Output
DACF=0;    DAC Offset
RTDS=0;    RTD Sensitivity
RTDT=0.00;    RTD Threshold
BLRM=1;    BLR Mode
BLRD=3;    BLR Down Correction
BLRU=0;    BLR Up Correction
GATE=OFF;    Gate Control
AUO1=ICR;    AUX_OUT Selection
PRET=60.0;    Preset Time
PRER=60.000;    Preset Real Time
PREC=OFF;    Preset Counts
PRCL=0;    Preset Counts Low Threshold
PRCH=0;    Preset Counts High Threshold
HVSE=180;    HV Set
TECS=225;    TEC Set
PAPS=ON;    Preamp 8.5/5 (N/A)
SCOE=RI;    Scope Trigger Edge
SCOT=87;    Scope Trigger Position
SCOG=1;    Digital Scope Gain
MCSL=0;    MCS Low Threshold
MCSH=0;    MCS High Threshold
MCST=0.00;    MCS Timebase
AUO2=ICR;    AUX_OUT2 Selection
TPMO=OFF;    Test Pulser On/Off
GPED=FA;    G.P. Counter Edge
GPIN=AUX1;    G.P. Counter Input
GPME=OFF;    G.P. Counter Uses MCA_EN?
GPGA=OFF;    G.P. Counter Uses GATE?
GPMC=OFF;    G.P. Counter Cleared With MCA Counters?
MCAE=OFF;    MCA/MCS Enable
BOOT=ON;    Turn Supplies On/Off At Power Up
<<DP5 CONFIGURATION END>>
<<DPP STATUS>>
Device Type: DP5
Serial Number: 13140
Firmware: 6.07  Build:  3
FPGA: 6.02
Fast Count: 336378
Slow Count: 131143
GP Count: 1
Accumulation Time: 49.597000
Real Time: 60.000000
Dead Time: 61.01%
HV Volt: 181V
TEC Temp: 227K
Board Temp: 40°C
<<DPP STATUS END>>
