<<PMCA SPECTRUM>>
TAG - live_data
DESCRIPTION - 
GAIN - 5
THRESHOLD - 0
LIVE_MODE - 0
PRESET_TIME - 0
LIVE_TIME - 8.077082
REAL_TIME - 37.885000
START_TIME - 03/07/2018 16:15:39
SERIAL_NUMBER - 0
<<CALIBRATION>>
LABEL - keV
809.65 3.66
810.98 3.66
1816.99 8.05
2012.04 8.9
2012.55 8.9
2393.16 10.55
2393.61 10.55
2862.68 12.612
2862.87 12.612
5717.27 25.27
5718.07 25.27
6460.66 28.48
6462.08 28.48
<<ROI>>
592 1088
5559 5887
6373 6553
<<DATA>>
0
0
0
0
0
0
0
0
0
0
0
0
0
0
0
0
0
0
0
0
0
0
0
0
0
0
0
0
0
0
0
0
0
0
0
0
0
0
0
0
0
0
0
0
0
0
0
0
0
0
0
0
0
0
0
0
0
0
0
0
0
0
0
0
0
0
0
0
0
0
0
0
0
0
0
0
0
0
0
0
0
0
0
0
0
0
0
0
0
0
0
0
0
0
0
0
0
0
0
0
0
0
0
0
0
0
0
0
0
0
0
0
0
0
0
0
0
0
0
0
0
0
0
0
0
0
0
0
0
0
0
0
0
0
0
0
0
0
0
0
0
0
0
0
0
0
0
0
0
0
0
0
0
0
0
0
0
0
0
0
0
0
0
0
0
0
0
0
0
0
0
0
0
0
0
0
0
0
0
0
0
0
0
0
0
0
0
0
0
0
0
0
0
0
0
0
0
0
0
0
0
0
0
0
0
0
0
0
0
0
0
0
0
0
0
0
0
0
0
0
0
0
0
0
0
0
0
0
0
0
0
0
0
0
0
0
0
0
0
0
0
0
0
0
0
0
0
0
0
0
0
0
0
0
0
0
0
0
0
0
0
0
0
0
0
0
0
0
0
0
0
0
0
0
0
0
0
0
0
0
0
0
0
0
0
0
0
0
0
0
0
0
0
0
0
0
0
0
0
0
0
0
0
0
0
0
0
0
0
0
0
0
0
0
0
0
0
0
0
0
0
0
0
0
0
0
0
0
0
0
0
0
0
0
0
0
0
0
0
0
0
0
0
0
0
0
0
0
0
0
0
0
0
0
0
0
0
0
0
0
0
0
0
0
0
0
0
0
0
0
0
1
0
0
0
0
0
0
0
0
0
1
0
1
1
0
0
0
0
2
1
1
0
0
0
1
0
0
0
0
2
0
0
0
0
2
0
1
0
0
0
1
0
0
0
0
1
1
0
0
0
1
0
1
0
0
0
1
0
1
0
0
1
1
1
1
1
0
0
0
0
0
0
0
1
0
0
0
0
1
1
1
0
0
1
1
0
0
0
0
0
0
0
1
0
0
1
0
0
1
0
2
0
0
0
0
0
0
0
0
0
0
0
0
0
0
1
0
0
0
0
0
0
0
1
0
1
0
0
2
0
0
0
0
0
1
0
0
0
1
0
0
0
2
0
0
1
0
0
0
0
0
1
0
2
2
0
0
0
1
1
1
0
0
1
0
0
0
0
0
0
1
0
0
0
1
0
0
1
0
1
0
0
1
0
0
1
1
2
1
0
0
0
0
0
1
0
1
0
0
0
2
2
0
2
0
0
1
0
0
2
1
1
1
0
0
0
2
0
2
0
1
2
2
0
2
1
2
1
0
0
0
1
1
0
0
0
2
4
3
0
1
0
2
2
0
1
1
1
1
2
1
0
1
1
0
2
0
1
0
3
1
4
1
2
2
4
3
2
4
2
0
2
2
2
3
4
5
4
6
9
6
3
4
9
9
6
8
9
5
7
11
11
7
4
13
11
8
8
10
7
8
9
15
13
9
5
2
5
2
5
8
7
7
6
4
5
4
7
9
2
3
4
5
3
3
1
3
5
3
4
5
2
3
1
6
3
4
1
8
6
2
3
2
5
3
5
5
2
4
2
4
4
7
4
5
6
1
7
3
8
9
5
4
4
6
8
8
5
4
10
13
15
9
11
12
11
4
13
14
14
17
15
4
10
5
10
13
11
11
8
7
14
13
17
14
12
11
15
11
8
13
6
9
8
5
7
7
7
6
7
2
3
5
7
7
4
3
3
5
6
3
2
3
4
4
2
1
3
2
2
1
4
2
2
4
1
2
3
5
0
1
2
2
2
6
10
2
4
5
5
8
4
1
5
3
5
7
1
9
7
4
3
5
5
1
5
5
6
4
3
2
5
2
4
1
4
3
1
3
4
1
4
3
6
1
3
7
1
1
3
3
5
5
3
0
0
7
3
5
3
3
4
1
1
2
0
2
5
3
3
3
4
5
3
3
5
2
2
1
0
5
3
2
1
4
1
2
1
3
2
1
4
4
0
3
0
1
1
1
0
2
1
2
2
1
2
1
2
2
1
1
0
2
1
1
1
1
0
1
0
0
1
0
0
0
2
1
1
4
0
2
0
0
1
0
0
1
0
0
2
0
1
1
0
1
1
0
2
1
1
1
0
0
0
1
2
3
1
1
0
1
0
0
1
1
1
1
1
1
0
0
0
0
1
0
1
1
0
2
0
0
1
0
1
1
0
3
1
2
2
2
1
0
2
0
0
1
0
0
0
0
2
0
1
2
0
1
3
1
0
1
0
1
1
1
0
2
1
0
0
2
0
2
1
0
0
0
1
3
0
0
0
0
0
1
0
4
1
2
1
0
0
0
1
1
1
0
0
1
2
1
0
2
1
3
2
1
1
0
1
0
1
0
0
2
1
0
0
0
0
0
1
3
1
1
1
0
2
1
1
2
1
2
1
0
2
2
2
2
0
1
2
1
0
1
1
0
5
3
2
3
1
1
2
4
3
6
3
3
3
2
5
1
0
2
2
1
2
1
3
3
1
2
2
0
1
0
1
1
0
0
0
0
2
2
1
1
1
3
0
0
1
0
1
0
2
3
1
1
0
4
0
1
0
1
1
2
1
1
1
1
1
2
1
0
1
6
3
3
1
1
3
2
0
2
3
0
0
1
1
1
2
1
2
1
3
4
0
2
3
3
0
3
2
2
4
4
4
2
4
3
2
4
4
6
1
5
3
5
6
3
6
1
3
6
3
9
7
8
3
3
7
5
4
6
4
7
6
4
3
2
4
10
3
11
2
6
5
2
2
3
5
6
3
5
4
4
9
4
4
5
11
4
2
0
3
2
2
0
2
2
2
2
6
3
0
1
3
4
2
0
3
2
2
0
4
1
0
1
0
0
0
3
3
2
5
0
2
0
1
1
0
1
3
1
1
3
0
2
3
3
0
2
3
0
4
1
0
3
2
3
3
0
4
2
3
2
0
2
3
2
4
1
1
1
3
1
3
0
1
3
3
0
3
4
6
1
0
2
3
3
1
1
1
0
3
4
1
1
1
3
1
3
0
2
1
0
1
2
2
3
5
1
3
2
4
3
1
1
0
4
0
0
1
0
4
5
2
3
5
1
5
0
4
3
3
6
2
4
1
9
5
4
6
2
7
7
5
9
5
7
10
11
16
5
13
13
11
9
14
5
13
9
18
15
16
14
9
18
11
13
15
11
12
15
13
12
14
12
17
9
16
10
7
8
13
15
8
12
6
14
14
9
19
13
16
15
11
12
11
7
13
9
6
9
6
8
9
9
7
10
11
12
3
6
5
2
4
11
7
3
7
7
3
4
6
3
6
3
2
4
10
6
4
4
5
4
3
3
3
5
4
5
7
2
5
8
3
1
2
4
6
4
5
4
5
9
5
5
3
5
8
3
4
4
2
4
5
5
5
3
7
8
5
3
2
7
6
5
1
4
5
6
3
2
6
3
5
3
2
3
4
7
0
2
2
2
1
5
6
3
3
5
6
1
4
2
4
6
1
4
2
2
2
5
1
2
4
2
2
3
3
3
9
4
6
8
7
0
3
3
5
1
3
1
3
8
2
0
1
1
2
3
3
3
2
2
6
1
1
3
2
4
1
1
2
3
5
2
0
4
4
1
3
3
4
6
2
2
2
5
3
2
2
1
0
2
3
2
3
5
4
8
3
1
5
3
5
4
3
2
1
2
3
0
4
0
2
5
5
6
6
1
5
1
5
3
8
2
1
4
2
4
4
3
1
6
1
1
6
4
6
9
5
3
5
4
5
5
6
8
7
3
7
4
12
2
4
3
4
2
4
2
7
8
4
1
4
7
5
5
5
3
6
4
2
13
4
5
9
5
6
5
6
8
6
2
5
4
10
2
6
5
13
15
9
7
6
8
9
16
5
8
16
5
16
12
8
9
11
11
7
18
21
17
24
22
33
26
31
42
39
34
54
53
72
71
96
102
109
148
156
175
205
210
229
242
250
275
344
369
447
474
505
599
597
706
683
793
876
962
1084
1094
1206
1237
1440
1462
1545
1647
1633
1844
1847
1942
2087
2249
2077
2320
2401
2306
2434
2455
2638
2510
2725
2492
2630
2686
2469
2719
2425
2557
2477
2482
2489
2227
2280
2119
2111
2011
2009
1779
1913
1765
1501
1551
1388
1438
1241
1212
1059
1074
1000
845
784
732
749
629
600
526
498
439
349
361
282
303
225
205
195
159
143
139
125
98
111
73
75
59
51
50
44
31
41
47
26
25
34
24
30
23
22
19
8
13
13
7
10
13
8
9
10
14
10
10
15
11
10
12
12
9
18
17
14
18
13
18
16
18
21
19
20
33
28
21
32
38
34
35
47
40
41
58
42
60
63
76
77
67
82
85
99
87
100
111
124
118
151
129
136
125
149
137
140
129
139
154
170
143
159
164
179
174
154
158
155
161
169
160
151
147
157
160
172
146
129
124
128
118
127
165
134
135
115
135
153
133
135
123
145
140
149
137
151
184
157
176
167
188
216
236
226
237
246
267
269
280
281
281
330
335
279
347
362
381
331
396
404
381
415
398
389
436
386
412
437
379
418
453
406
392
370
346
340
336
332
291
317
299
312
278
259
253
225
228
216
213
188
174
163
153
140
120
119
115
89
83
84
87
68
68
58
47
40
37
33
36
26
20
27
26
24
18
16
9
15
2
6
5
4
7
4
2
2
2
2
4
2
2
0
1
3
2
0
3
2
1
2
1
0
0
2
2
0
0
2
1
0
0
1
3
1
1
1
0
1
4
1
0
0
2
1
2
1
1
2
0
1
0
1
2
1
0
0
2
2
0
2
2
3
2
2
3
2
5
1
4
3
5
2
1
3
5
6
1
6
6
7
10
10
7
8
4
5
7
7
4
9
13
5
5
5
5
8
9
3
4
6
8
9
9
8
7
4
8
7
6
2
1
7
7
2
2
1
4
4
4
1
3
4
3
4
1
3
0
2
1
0
1
2
7
2
0
3
1
3
2
2
0
2
2
1
1
0
0
0
2
1
0
1
0
2
0
0
0
1
0
0
0
0
0
0
0
2
1
0
1
0
0
3
1
1
0
1
2
1
1
1
1
0
1
1
1
0
2
0
0
0
1
0
0
0
0
0
1
0
2
2
0
1
0
1
0
0
1
1
0
0
0
1
1
1
2
0
0
1
0
0
1
1
1
0
1
0
1
0
0
0
2
4
1
0
0
1
1
1
1
0
1
0
1
1
0
0
1
1
0
2
1
1
0
2
0
0
0
0
1
1
0
0
0
0
0
0
1
0
0
1
0
1
0
0
0
1
1
0
1
0
0
0
1
0
1
0
0
0
1
3
1
1
1
0
0
0
1
1
0
2
1
0
1
0
0
2
1
1
0
0
1
0
0
0
0
1
0
1
0
0
0
0
0
0
1
1
0
2
2
1
1
2
0
0
0
0
0
2
1
0
1
0
1
1
1
0
0
0
0
0
0
1
0
1
2
0
0
0
0
0
0
0
0
0
0
0
0
1
2
1
1
0
1
0
1
0
1
0
1
0
0
0
1
0
0
1
0
0
1
0
1
0
0
2
1
0
2
2
1
0
0
0
0
0
0
2
0
1
1
0
1
1
1
0
0
0
1
1
1
3
0
2
1
1
0
0
1
0
1
1
1
1
0
1
2
0
1
0
1
1
1
1
0
3
3
1
1
0
1
2
0
0
1
2
0
0
3
0
0
0
1
1
0
1
2
0
0
2
0
1
1
3
2
0
0
0
0
0
1
0
1
1
1
1
2
0
0
0
2
0
1
0
2
1
0
1
5
1
0
3
0
0
1
3
1
1
2
0
1
0
5
0
0
5
1
2
1
2
3
1
1
0
3
1
1
1
0
5
0
1
2
0
2
2
1
0
0
1
1
0
1
1
0
1
2
3
1
3
1
0
1
3
2
1
0
3
1
2
1
1
3
0
0
1
1
4
2
3
1
1
3
0
2
0
1
0
2
1
1
1
3
1
3
0
1
0
0
1
2
1
0
2
4
1
1
1
1
1
0
1
1
1
0
0
3
0
1
1
0
0
2
0
0
0
0
0
0
0
0
2
0
2
1
1
0
0
2
0
0
0
0
0
0
1
1
0
1
0
5
3
2
0
1
4
1
0
1
1
0
0
0
0
1
1
1
1
0
1
1
0
1
0
0
0
1
0
1
1
0
1
2
0
0
0
0
1
2
0
0
1
1
2
2
0
0
1
0
1
0
3
0
0
1
1
0
1
0
1
0
0
0
0
0
1
0
0
1
0
1
0
0
0
0
0
0
1
0
0
0
1
0
0
0
0
3
0
0
1
1
0
2
0
0
0
1
0
1
0
1
0
1
0
0
1
1
2
0
3
1
0
0
1
0
0
0
0
1
1
1
0
0
2
0
0
0
0
1
0
0
0
0
0
0
1
1
0
1
0
1
0
0
0
0
2
0
3
0
2
0
0
2
0
1
1
1
3
0
0
1
2
1
1
0
2
0
0
1
0
2
1
0
0
1
0
0
0
1
0
2
0
0
1
1
0
0
1
0
0
0
1
0
0
0
0
0
1
0
0
1
0
2
2
1
0
1
1
1
1
1
0
1
0
1
1
1
0
0
0
0
0
0
0
3
2
1
2
0
1
0
0
0
0
0
1
3
0
1
1
1
1
1
0
1
0
1
0
0
0
0
2
0
1
3
0
1
0
3
1
0
0
1
0
0
1
1
0
2
0
1
2
0
0
1
0
0
1
0
0
0
0
0
0
1
0
0
2
1
3
0
0
0
1
0
0
1
1
1
1
0
0
0
0
2
0
0
0
1
0
1
1
0
1
0
0
0
0
1
0
0
1
1
0
0
1
0
0
0
0
1
0
0
1
1
1
3
2
0
0
0
1
1
0
4
0
1
3
0
0
0
0
0
0
0
0
1
0
0
0
0
3
0
0
0
1
0
0
1
0
0
1
0
0
1
1
0
0
1
1
0
0
0
0
1
0
1
0
1
1
0
0
1
2
1
0
1
1
1
1
1
0
0
0
0
0
1
1
0
0
0
0
3
0
0
1
1
0
0
0
0
1
0
0
2
0
0
0
0
0
0
2
1
0
1
2
0
1
1
0
0
2
0
1
1
1
1
0
0
1
0
1
0
0
0
1
0
0
0
2
1
1
2
1
0
2
1
0
0
1
0
2
0
0
0
1
1
2
2
1
0
0
0
1
0
1
0
0
2
0
1
0
0
0
3
0
0
1
0
0
0
0
1
0
1
1
0
1
0
1
0
1
0
2
0
0
0
0
1
0
1
1
0
0
2
1
0
3
1
3
0
0
0
1
2
2
0
1
0
0
1
1
0
0
0
0
2
1
1
1
1
2
1
0
1
0
1
0
4
0
2
2
2
0
2
0
1
0
1
0
2
2
2
1
0
2
3
1
1
1
1
1
0
0
2
1
1
2
0
0
0
0
1
1
0
0
0
2
0
3
0
1
0
0
1
2
1
4
0
0
1
3
0
1
2
0
1
2
0
0
2
0
2
0
0
2
0
0
0
1
1
1
1
1
1
0
2
0
0
0
0
1
2
0
1
1
0
0
0
0
0
1
2
1
2
1
2
0
0
1
1
3
0
1
0
1
1
0
3
0
0
1
1
1
1
3
1
0
1
1
0
0
0
0
1
1
1
0
1
1
0
1
0
1
2
1
0
0
0
2
1
1
2
1
2
0
2
0
0
1
1
1
0
0
0
2
2
1
1
0
4
0
1
2
1
1
3
1
0
0
0
1
0
0
0
0
0
1
1
0
0
1
3
0
1
0
1
0
2
1
0
0
1
1
0
0
1
1
2
1
0
1
0
0
0
0
0
1
1
1
0
0
0
0
3
0
0
0
0
2
1
1
0
1
0
1
0
1
0
0
0
0
1
0
0
1
2
3
0
1
0
1
2
0
1
2
0
1
1
0
0
2
0
1
0
1
1
0
0
0
0
2
0
1
0
1
0
1
1
0
1
0
1
2
2
0
2
1
2
0
0
0
1
2
0
2
0
3
0
1
0
0
0
0
1
2
1
2
1
0
1
0
2
2
1
1
1
1
4
3
3
3
0
2
1
0
5
1
1
1
3
2
6
5
10
6
5
7
6
12
10
9
8
7
11
14
18
15
23
13
12
11
14
21
20
27
16
28
22
24
25
34
39
25
36
41
39
27
43
41
43
42
41
43
52
50
52
42
51
33
46
52
62
50
60
52
57
63
51
67
64
47
52
51
50
47
42
37
46
40
48
36
49
44
38
46
43
33
37
40
31
22
26
31
26
21
24
18
31
23
26
14
13
12
10
9
9
16
6
3
11
7
9
6
5
7
4
5
3
4
1
7
4
5
5
4
3
2
3
4
4
2
2
2
1
3
1
0
3
1
0
1
0
2
0
3
2
1
2
2
0
6
3
1
2
1
3
3
0
1
3
3
5
4
3
2
2
4
9
3
3
5
4
6
6
6
5
4
5
5
4
5
7
7
4
10
4
6
7
6
10
6
7
5
7
7
8
9
4
6
6
6
6
7
4
10
7
9
7
8
8
11
9
6
6
7
12
10
7
8
6
10
8
7
9
10
11
7
11
13
10
7
4
9
15
18
12
6
10
10
11
7
10
11
12
10
10
17
18
10
11
20
12
17
15
21
13
17
15
20
12
17
21
17
19
17
18
18
12
21
13
13
14
17
13
13
6
8
17
13
10
19
10
18
13
10
11
5
6
11
9
14
11
10
6
7
3
2
3
9
5
2
3
2
5
4
5
2
1
3
1
4
1
2
2
3
2
3
1
1
1
0
1
1
1
3
1
1
0
0
1
0
1
1
3
2
1
0
0
1
2
0
1
1
2
0
0
0
0
0
1
2
0
2
1
3
1
1
0
3
2
1
2
0
2
0
1
1
1
1
0
0
1
1
1
2
1
1
0
1
2
0
1
1
1
2
0
2
1
1
0
3
2
0
1
0
1
0
1
0
4
1
2
0
2
2
0
1
1
3
3
2
2
1
1
0
1
3
2
2
1
0
0
1
1
1
2
1
2
0
1
0
2
1
1
4
1
2
3
4
2
1
3
2
2
1
4
1
2
1
2
1
6
2
0
3
1
0
1
2
1
3
0
1
0
3
3
0
0
1
1
1
2
1
1
3
2
3
0
2
0
0
5
1
1
2
1
3
1
1
1
1
1
0
1
1
1
1
4
1
1
0
0
1
2
1
1
0
2
0
1
0
1
0
1
0
0
0
2
1
1
1
0
0
0
0
0
0
0
0
0
0
2
0
0
1
1
0
0
1
0
0
1
0
0
0
0
2
0
0
0
0
0
0
1
1
0
1
0
1
0
0
0
0
0
1
0
0
0
0
0
0
1
0
2
0
1
0
0
1
2
0
0
0
0
0
0
0
1
1
0
0
1
1
0
1
0
2
1
2
1
0
0
0
0
0
0
0
1
0
0
1
0
0
0
0
0
0
0
0
0
1
0
0
0
0
0
1
1
1
1
0
1
0
1
0
2
1
0
1
2
0
0
0
0
1
0
1
1
2
0
1
0
0
0
0
0
0
0
0
0
0
0
0
0
0
0
0
0
0
0
0
1
1
0
0
1
0
1
1
0
1
0
0
0
1
0
2
0
0
0
0
1
0
2
0
0
0
0
0
1
0
1
1
1
0
2
1
1
0
0
0
0
0
0
1
0
0
0
1
0
0
0
1
1
0
1
1
0
3
1
0
0
1
1
0
1
0
0
2
0
1
1
0
0
0
1
0
1
1
0
0
0
3
0
0
0
1
0
0
2
1
0
0
1
0
1
0
2
0
0
0
0
0
1
0
1
1
3
0
0
0
0
2
1
0
0
0
1
0
0
1
1
1
0
0
1
0
1
0
0
0
0
0
0
0
1
0
0
0
1
0
0
1
0
1
0
0
1
1
1
0
0
3
1
0
0
0
0
0
0
0
1
0
1
0
1
4
1
2
0
0
0
0
1
0
1
0
1
0
0
1
0
0
0
1
1
0
1
2
0
1
0
1
0
0
2
0
2
1
0
2
0
0
0
1
0
0
0
1
0
1
1
1
0
0
1
0
1
0
1
1
0
1
2
0
0
0
0
1
1
0
0
2
0
0
0
0
0
0
2
0
0
1
1
0
0
0
1
1
1
1
1
0
1
1
1
1
1
1
0
0
0
0
1
1
0
0
1
1
3
1
1
2
0
0
0
0
0
1
0
1
0
0
0
0
1
1
0
0
1
0
0
0
0
1
0
0
0
1
0
0
1
0
0
0
1
0
0
1
0
1
0
1
0
0
1
1
0
1
1
2
2
1
0
0
1
1
0
1
1
1
0
0
0
1
1
1
0
1
0
1
0
0
1
2
0
0
0
1
0
0
0
1
0
1
1
0
0
0
0
2
1
1
0
0
0
2
1
0
1
1
0
0
2
0
1
1
2
0
1
3
0
2
1
0
0
0
1
0
1
2
0
0
0
1
0
0
1
0
0
0
0
1
1
2
2
0
0
0
1
2
1
1
1
3
1
1
0
2
0
0
1
0
2
1
1
0
2
0
0
0
0
0
1
0
1
1
1
1
3
1
0
1
1
1
1
1
0
1
2
1
1
0
0
1
1
0
1
0
0
1
1
1
2
2
1
0
1
0
0
2
0
0
2
1
0
1
1
1
0
1
0
1
0
0
1
1
0
0
1
1
0
1
0
1
0
0
2
1
1
0
0
1
0
1
0
1
0
2
0
1
1
0
0
2
0
1
0
0
1
0
0
0
0
0
0
1
0
0
2
0
1
0
0
1
1
0
1
0
0
1
0
0
0
0
0
0
1
2
0
1
0
1
1
0
1
0
0
1
0
0
0
1
0
0
0
0
0
2
0
1
0
1
1
0
0
1
0
0
2
1
0
1
1
0
0
1
1
0
1
0
0
0
1
0
1
0
0
0
0
2
0
0
0
1
0
1
0
0
0
0
0
0
0
0
0
1
3
0
0
0
0
0
0
0
0
1
0
0
2
0
0
1
1
1
0
1
0
1
0
0
1
0
0
0
1
1
1
1
0
0
0
0
0
0
0
0
0
0
1
1
0
0
0
0
0
2
0
0
0
1
0
0
0
0
1
2
1
2
0
0
0
1
1
1
0
0
0
0
1
1
1
0
1
1
0
1
0
1
1
1
1
2
1
0
2
1
1
2
0
0
2
1
2
0
2
0
0
1
3
2
1
1
2
0
1
1
0
2
2
2
1
1
2
2
3
1
4
0
2
1
0
1
1
1
4
1
2
5
2
1
3
0
1
4
2
2
3
3
2
2
2
5
1
2
1
4
1
1
1
6
4
3
3
4
5
2
3
1
0
3
0
3
3
1
1
4
1
5
1
0
0
2
0
1
0
0
1
0
1
5
1
2
1
0
2
0
3
1
0
0
0
0
0
0
0
0
1
0
1
1
0
0
0
0
0
0
1
3
2
0
0
2
1
0
0
0
0
2
0
1
1
0
0
1
0
1
1
1
0
0
0
0
0
0
0
0
1
1
1
1
0
0
0
1
0
0
0
1
0
1
2
1
1
0
0
0
0
0
0
0
1
0
0
1
0
0
0
0
1
0
0
0
0
0
0
1
1
0
0
1
1
0
0
0
1
0
0
1
1
1
0
0
0
0
0
0
0
0
0
1
1
1
0
1
1
0
0
0
0
0
0
0
1
1
0
1
0
0
0
0
0
0
1
2
0
0
1
0
0
0
1
1
0
1
0
0
0
0
1
1
0
1
1
0
0
0
0
0
0
1
0
0
0
0
1
0
1
3
1
0
0
0
0
1
0
0
1
0
0
0
0
0
1
0
0
0
0
1
1
1
2
1
0
1
0
0
1
0
1
0
0
0
0
0
0
1
1
3
0
0
0
0
0
0
1
0
0
0
0
0
0
2
0
0
0
1
0
0
0
0
0
0
1
1
0
0
0
1
2
0
0
2
0
0
1
0
0
0
0
0
1
0
0
1
0
1
0
0
0
1
0
0
0
1
0
1
2
0
0
0
2
0
0
1
0
1
0
0
0
0
1
0
0
1
0
0
0
1
0
0
1
0
2
0
1
1
0
0
1
0
1
1
0
0
2
0
0
0
0
0
0
0
0
0
1
1
0
0
0
0
0
1
0
0
2
1
0
0
0
0
1
0
2
0
0
0
0
0
1
2
1
0
0
0
1
0
0
0
0
0
1
1
1
0
0
2
0
0
0
0
1
0
0
0
1
1
0
0
0
0
0
0
0
2
0
0
0
1
1
2
1
0
1
1
1
1
4
0
1
0
1
0
1
0
2
0
1
1
1
2
1
1
1
0
1
1
1
0
2
2
1
0
0
0
3
0
0
0
0
3
1
0
0
1
1
0
0
0
1
1
0
0
0
4
1
0
1
1
0
0
0
0
0
0
1
1
0
0
1
1
0
1
1
0
1
1
0
0
0
0
0
1
0
1
2
0
1
0
0
0
2
1
0
1
0
1
0
0
0
0
1
0
1
0
1
0
0
2
0
0
0
1
0
0
2
0
0
1
0
0
0
0
1
1
0
0
1
0
0
0
1
0
0
1
0
1
0
1
0
1
1
1
0
0
0
0
0
0
0
0
1
1
1
1
0
0
0
0
1
1
0
0
0
3
1
2
0
0
1
2
2
0
1
0
0
0
0
0
0
0
1
2
2
0
2
1
1
1
0
3
3
1
1
3
3
0
0
2
1
3
1
0
0
1
1
2
1
1
2
2
2
2
0
1
1
1
1
2
1
1
2
2
2
2
2
1
2
6
0
4
3
4
2
2
2
4
5
1
1
2
0
2
5
2
1
0
0
1
4
5
1
5
1
3
4
3
3
2
7
4
2
3
4
1
1
1
4
4
1
1
4
1
4
5
3
4
2
9
4
4
2
7
3
4
2
3
3
3
5
4
3
3
1
2
4
0
4
4
4
2
0
2
5
5
1
5
2
2
2
1
1
2
1
3
2
3
1
2
3
0
3
0
1
0
1
1
3
1
1
3
0
0
0
1
1
0
0
0
1
3
0
0
1
0
0
1
2
0
0
1
0
0
1
0
0
2
0
0
1
1
0
0
1
1
0
0
0
0
0
1
0
0
0
0
0
0
0
1
0
0
1
0
0
0
2
1
0
1
1
0
0
0
0
0
0
1
0
0
0
0
0
0
1
1
1
0
0
0
1
0
0
0
0
0
0
0
0
0
0
0
1
2
1
0
0
0
1
0
0
0
0
0
2
0
1
0
0
0
1
0
0
0
0
0
1
0
0
0
0
0
0
0
0
0
0
0
0
1
0
0
1
0
0
0
0
0
0
1
0
0
0
0
0
0
0
0
0
0
1
0
0
0
0
0
1
1
1
0
0
0
1
0
1
0
1
0
1
0
0
0
0
1
1
0
0
1
0
0
0
0
0
0
0
0
0
0
1
0
1
0
1
0
0
1
0
1
0
1
0
0
0
1
0
0
0
1
0
0
0
0
0
0
0
0
0
0
0
0
0
0
0
0
0
1
0
0
0
0
0
0
0
2
0
1
0
0
1
0
0
0
1
0
0
0
0
0
2
0
2
1
1
0
0
1
0
0
0
0
0
0
2
0
0
0
0
0
0
0
2
0
0
0
0
1
0
0
0
0
0
0
0
0
0
0
0
0
0
1
0
1
1
0
0
0
0
0
1
0
0
0
0
0
0
0
0
0
0
0
0
0
0
0
2
1
0
0
0
0
0
0
1
0
0
0
0
0
0
0
0
0
0
0
0
0
1
0
0
0
1
0
2
0
0
0
0
1
0
0
0
0
0
0
1
0
0
1
0
0
0
0
1
1
0
0
0
0
0
0
0
0
0
0
0
0
1
0
0
0
0
1
0
2
0
0
0
1
0
0
1
0
0
0
0
0
0
0
0
1
0
0
0
1
0
0
1
0
0
1
1
0
0
0
1
1
0
0
1
0
0
0
0
1
0
1
1
0
0
0
0
0
2
0
0
1
0
1
0
0
2
1
0
0
1
0
0
0
0
1
0
0
0
0
0
0
0
0
0
0
0
0
1
1
1
0
0
0
0
0
0
1
0
0
0
0
0
1
0
0
0
0
0
0
0
0
1
0
1
0
2
1
1
0
1
0
0
0
0
0
1
0
1
0
0
0
1
1
1
1
0
0
1
0
0
0
0
0
0
0
0
0
0
1
0
0
0
0
1
0
0
0
0
0
0
0
2
0
1
0
1
0
0
0
0
0
0
1
1
0
0
1
0
0
0
0
0
0
0
1
0
0
1
0
0
0
0
0
0
0
0
1
0
0
0
0
0
0
0
0
0
1
0
0
0
0
0
0
1
2
0
0
0
0
0
0
0
0
0
0
0
0
0
0
0
0
0
0
0
0
0
0
0
0
0
1
0
0
0
1
2
0
0
1
0
0
1
0
0
0
1
0
1
0
0
0
0
0
0
0
0
0
0
2
1
0
0
1
1
0
0
1
2
0
1
1
0
1
0
0
0
1
0
0
2
0
0
1
1
0
0
0
1
2
1
1
2
1
0
0
1
2
0
2
0
1
0
1
3
0
0
1
1
0
0
0
1
0
0
0
1
0
2
2
2
0
0
0
0
0
0
1
1
0
0
0
0
0
0
0
0
0
0
0
0
0
0
0
1
1
1
0
1
1
0
0
0
1
0
2
1
1
0
0
0
0
0
0
0
0
0
1
2
0
2
0
0
0
1
0
0
1
0
0
0
1
0
0
0
0
0
0
0
1
0
2
0
0
0
0
0
1
0
0
0
0
0
2
0
0
0
0
0
1
0
0
1
0
0
1
0
0
1
0
0
0
0
2
0
0
0
1
1
0
2
1
0
0
0
0
0
0
0
1
0
1
0
1
0
1
1
1
0
0
0
0
0
1
0
0
0
0
1
0
0
0
1
0
0
0
0
0
0
1
0
0
1
0
0
0
0
0
0
0
0
1
0
0
1
0
0
0
1
0
0
1
0
1
0
0
0
0
0
0
0
0
0
0
0
0
1
0
0
0
2
0
0
1
0
1
0
0
0
1
0
0
0
0
0
0
0
0
0
0
1
0
0
0
1
0
0
0
0
0
2
0
1
1
1
0
0
0
1
0
0
1
0
0
0
0
0
0
0
0
0
0
0
0
0
0
0
1
1
0
0
0
0
0
0
1
0
0
0
0
0
0
0
0
0
0
0
0
0
0
0
0
0
0
0
1
0
0
1
2
0
0
0
0
0
0
0
0
0
1
0
0
0
0
0
0
0
1
0
0
0
0
0
0
0
0
0
0
0
0
0
0
0
0
0
1
2
0
0
0
0
0
0
0
0
0
0
0
0
0
0
0
0
1
0
0
0
1
0
0
0
0
0
0
0
0
0
0
0
0
0
0
0
0
0
1
0
0
0
0
1
0
0
2
2
1
0
1
0
3
0
1
0
0
0
3
0
0
0
0
0
0
0
0
0
0
0
0
0
0
0
0
0
1
0
0
1
0
0
0
1
0
0
0
1
0
0
1
0
1
0
0
0
0
0
0
0
0
0
1
1
2
0
1
1
1
0
0
0
0
0
0
0
2
0
0
2
1
0
0
0
0
0
0
1
0
0
0
0
2
0
0
1
0
0
0
0
0
0
0
0
0
0
0
0
0
0
0
0
1
0
0
0
0
1
0
2
1
0
0
0
0
0
0
0
0
0
0
0
1
0
0
1
1
0
0
0
0
0
0
0
1
0
0
0
0
0
0
0
0
0
0
0
0
0
0
1
0
0
0
1
0
0
0
0
0
0
0
0
0
0
1
0
0
0
0
0
0
0
0
1
0
1
0
0
0
0
0
0
1
0
0
0
2
0
0
1
0
0
0
0
0
0
0
0
0
0
0
0
0
0
0
0
0
0
0
0
0
0
1
0
0
0
0
0
0
0
0
1
0
0
0
0
1
0
0
0
0
0
0
1
0
0
1
0
0
1
0
0
0
0
0
1
0
0
0
0
0
0
0
0
0
0
0
1
0
0
0
1
1
0
0
0
0
1
0
1
0
0
0
1
0
0
1
0
0
0
0
0
0
0
1
1
0
0
1
0
0
0
1
0
0
0
0
0
0
0
0
0
0
0
0
0
1
1
0
0
0
0
0
0
0
0
0
0
1
0
1
0
0
0
0
0
0
0
0
0
0
0
0
0
0
0
0
0
0
0
0
0
0
0
0
0
0
0
0
0
0
0
0
0
0
0
0
0
1
0
0
0
1
0
0
0
0
0
0
0
0
0
0
0
0
0
0
1
1
0
0
0
0
0
0
0
0
0
0
0
0
0
0
0
0
0
0
0
0
0
0
0
0
0
0
0
0
0
0
0
0
0
0
0
1
1
0
0
0
0
0
0
0
1
0
0
0
0
0
0
0
0
0
0
0
1
1
0
0
0
0
0
1
0
0
0
1
0
0
0
0
0
0
1
0
0
0
0
0
0
0
0
0
0
0
0
1
0
0
0
0
0
1
0
2
0
1
0
0
0
0
1
0
0
0
0
0
1
0
0
0
1
0
0
0
0
0
1
0
0
0
2
0
0
0
0
0
1
0
0
0
0
0
0
0
0
1
0
0
0
1
0
0
0
0
1
0
0
0
0
0
0
0
1
0
0
0
0
0
1
0
0
0
0
0
0
0
1
0
0
0
0
0
0
0
0
1
0
0
0
0
0
0
0
0
0
0
0
0
0
0
0
0
1
0
0
0
0
0
0
1
0
0
2
0
0
0
0
0
0
0
0
1
0
0
0
0
0
0
0
0
0
2
0
0
0
0
0
0
0
0
1
0
1
0
0
0
0
0
0
1
0
0
0
0
0
0
0
0
0
0
1
0
0
1
0
0
0
0
0
0
1
0
0
0
0
1
0
0
0
0
0
0
0
0
0
0
1
1
0
0
1
1
0
0
0
0
0
0
1
1
0
0
0
0
0
0
1
1
0
0
0
0
0
0
0
0
0
0
0
1
0
0
0
0
0
0
1
0
0
1
0
1
1
1
0
0
0
0
0
0
0
0
0
0
0
0
0
0
0
1
0
0
0
0
0
1
0
2
0
0
0
0
0
0
0
0
0
0
0
0
0
0
0
0
1
1
0
0
1
0
0
0
0
0
1
0
0
1
0
0
0
0
1
0
0
0
0
0
0
0
0
0
0
0
0
0
0
0
0
0
0
0
0
0
0
0
0
1
0
0
0
0
0
0
0
0
1
0
0
1
0
0
0
0
0
0
0
0
0
0
0
0
1
0
0
0
0
1
0
0
0
0
0
0
0
0
0
0
0
0
0
0
0
0
0
0
0
1
0
1
0
0
1
0
0
0
0
0
0
0
0
0
0
0
0
0
0
0
0
0
0
0
0
0
1
0
0
0
0
0
0
0
0
0
0
0
0
0
0
0
0
0
0
0
0
0
1
1
0
0
2
0
0
0
0
0
0
0
0
0
0
0
0
0
0
0
0
0
0
0
0
0
0
0
0
0
1
0
0
0
0
1
0
0
0
1
0
0
0
0
0
0
0
0
0
0
0
0
0
0
1
0
0
0
0
0
0
0
0
0
0
1
0
0
0
0
0
0
0
0
0
0
0
0
0
0
0
0
0
0
0
0
0
0
0
0
0
0
0
0
0
0
0
0
0
0
0
0
0
0
0
0
1
0
0
0
1
0
0
0
0
0
0
0
0
0
0
0
0
1
0
0
0
0
1
0
0
0
0
0
0
0
0
0
0
0
0
0
0
0
0
0
0
0
0
0
0
0
0
0
0
0
0
0
0
0
0
0
0
0
0
0
0
0
0
0
0
0
0
0
0
0
0
0
0
0
0
0
0
0
0
0
0
0
0
0
0
0
0
0
0
0
0
0
0
0
2
1
0
0
0
0
0
0
0
0
0
0
0
0
0
0
0
0
0
0
0
1
0
0
0
0
0
0
0
0
0
0
0
0
0
0
0
0
0
0
0
0
0
0
0
0
0
0
0
0
0
0
0
0
0
0
0
0
1
0
0
0
0
0
0
0
0
0
0
0
0
0
0
0
0
0
0
0
0
0
0
0
0
0
0
1
0
0
0
0
0
0
0
0
0
0
0
0
1
0
0
0
0
0
0
0
0
0
0
0
0
0
0
0
0
0
0
0
0
0
0
0
0
0
0
0
0
0
0
0
0
0
0
0
0
0
0
0
0
0
0
0
0
0
0
0
0
0
0
0
0
0
0
0
0
0
0
0
0
0
0
0
0
0
0
0
0
0
0
0
0
0
0
0
0
0
0
0
0
0
0
0
0
0
0
0
0
0
0
0
0
0
0
0
0
0
0
0
1
0
0
0
0
0
0
0
0
0
0
0
0
0
0
1
0
0
0
0
0
0
0
0
0
0
0
1
0
0
0
0
0
0
0
0
0
0
0
0
0
0
0
0
0
0
1
0
0
0
0
0
0
0
0
0
0
0
0
0
0
0
0
0
0
0
0
0
0
0
0
<<END>>
<<DP5 CONFIGURATION>>
RESC=?;    Reset Configuration
CLCK=20;    20MHz/80MHz
TPEA=32.000;    Peaking Time
GAIF=0.9727;    Fine Gain
GAIN=29.999;    Total Gain (Analog * Fine)
RESL=13107;    Detector Reset Lockout
TFLA=1.200;    Flat Top
TPFA=1600;    Fast Channel Peaking Time
PURE=ON;    PUR Interval On/Off
RTDE=OFF;    RTD On/Off
MCAS=NORM;    MCA Source
MCAC=8192;    MCA/MCS Channels
SOFF=OFF;    Set Spectrum Offset
AINP=NEG;    Analog Input Pos/Neg
INOF=DEF;    Input Offset
GAIA=12;    Analog Gain Index
CUSP=0;    Non-Trapezoidal Shaping
PDMD=NORM;    Peak Detect Mode (Min/Max)
THSL=4.492;    Slow Threshold
TLLD=OFF;    LLD Threshold
THFA=11.62;    Fast Threshold
DACO=OFF;    DAC Output
DACF=0;    DAC Offset
RTDS=0;    RTD Sensitivity
RTDT=0.00;    RTD Threshold
BLRM=1;    BLR Mode
BLRD=3;    BLR Down Correction
BLRU=0;    BLR Up Correction
GATE=OFF;    Gate Control
AUO1=ICR;    AUX_OUT Selection
PRET=60.0;    Preset Time
PRER=60.000;    Preset Real Time
PREC=OFF;    Preset Counts
PRCL=0;    Preset Counts Low Threshold
PRCH=0;    Preset Counts High Threshold
HVSE=180;    HV Set
TECS=225;    TEC Set
PAPS=ON;    Preamp 8.5/5 (N/A)
SCOE=RI;    Scope Trigger Edge
SCOT=87;    Scope Trigger Position
SCOG=1;    Digital Scope Gain
MCSL=0;    MCS Low Threshold
MCSH=0;    MCS High Threshold
MCST=0.00;    MCS Timebase
AUO2=ICR;    AUX_OUT2 Selection
TPMO=OFF;    Test Pulser On/Off
GPED=FA;    G.P. Counter Edge
GPIN=AUX1;    G.P. Counter Input
GPME=OFF;    G.P. Counter Uses MCA_EN?
GPGA=OFF;    G.P. Counter Uses GATE?
GPMC=OFF;    G.P. Counter Cleared With MCA Counters?
MCAE=OFF;    MCA/MCS Enable
BOOT=ON;    Turn Supplies On/Off At Power Up
<<DP5 CONFIGURATION END>>
<<DPP STATUS>>
Device Type: DP5
Serial Number: 13140
Firmware: 6.07  Build:  3
FPGA: 6.02
Fast Count: 742190
Slow Count: 158263
GP Count: 1
Accumulation Time: 37.885000
Real Time: 60.000000
Dead Time: 78.68%
HV Volt: 181V
TEC Temp: 227K
Board Temp: 40°C
<<DPP STATUS END>>
