<<PMCA SPECTRUM>>
TAG - live_data
DESCRIPTION - 
GAIN - 5
THRESHOLD - 0
LIVE_MODE - 0
PRESET_TIME - 0
LIVE_TIME - 6.329520
REAL_TIME - 35.400000
START_TIME - 03/07/2018 15:37:20
SERIAL_NUMBER - 0
<<CALIBRATION>>
LABEL - keV
809.65 3.66
810.98 3.66
1816.99 8.05
2012.04 8.9
2012.55 8.9
2393.16 10.55
2393.61 10.55
2862.68 12.612
2862.87 12.612
5717.27 25.27
5718.07 25.27
6460.66 28.48
6462.08 28.48
<<ROI>>
592 1088
5559 5887
6373 6553
<<DATA>>
0
0
0
0
0
0
0
0
0
0
0
0
0
0
0
0
0
0
0
0
0
0
0
0
0
0
0
0
0
0
0
0
0
0
0
0
0
0
0
0
0
0
0
0
0
0
0
0
0
0
0
0
0
0
0
0
0
0
0
0
0
0
0
0
0
0
0
0
0
0
0
0
0
0
0
0
0
0
0
0
0
0
0
0
0
0
0
0
0
0
0
0
0
0
0
0
0
0
0
0
0
0
0
0
0
0
0
0
0
0
0
0
0
0
0
0
0
0
0
0
0
0
0
0
0
0
0
0
0
0
0
0
0
0
0
0
0
0
0
0
0
0
0
0
0
0
0
0
0
0
0
0
0
0
0
0
0
0
0
0
0
0
0
0
0
0
0
0
0
0
0
0
0
0
0
0
0
0
0
0
0
0
0
0
0
0
0
0
0
0
0
0
0
0
0
0
0
0
0
0
0
0
0
0
0
0
0
0
0
0
0
0
0
0
0
0
0
0
0
0
0
0
0
0
0
0
0
0
0
0
0
0
0
0
0
0
0
0
0
0
0
0
0
0
0
0
0
0
0
0
0
0
0
0
0
0
0
0
0
0
0
0
0
0
0
0
0
0
0
0
0
0
0
0
0
0
0
0
0
0
0
0
0
0
0
0
0
0
0
0
0
0
0
0
0
0
0
0
0
0
0
0
0
0
0
0
0
0
0
0
0
0
0
0
0
0
0
0
0
0
0
0
0
0
0
0
0
0
0
0
0
0
0
0
0
0
0
0
0
0
0
0
0
0
0
0
0
0
0
0
0
0
0
0
0
0
0
0
0
0
0
0
0
0
0
0
0
0
0
0
0
0
0
1
0
0
1
0
0
0
0
0
1
0
0
0
0
0
0
0
0
0
0
0
1
0
0
0
1
0
1
0
0
0
0
0
1
0
0
0
0
0
1
0
0
0
0
0
0
0
0
0
0
1
1
0
0
1
0
0
0
0
0
0
0
0
0
0
1
0
0
0
0
0
0
0
0
0
0
0
0
0
1
0
0
0
0
0
0
0
1
0
0
0
0
0
0
0
0
1
0
1
0
0
0
1
0
0
0
0
0
0
0
0
0
3
1
0
0
1
1
0
0
0
0
0
0
0
0
0
0
0
0
0
0
0
1
1
0
0
0
0
2
0
0
1
1
0
1
0
1
1
0
0
0
0
0
0
1
0
0
0
1
1
1
1
0
0
0
1
0
0
1
0
0
1
0
2
2
1
0
0
0
0
0
0
0
0
0
0
1
1
0
0
2
1
0
0
0
0
0
1
1
0
0
0
1
0
1
0
0
0
1
0
1
1
1
0
0
2
0
0
0
0
0
1
0
1
0
0
1
0
0
0
0
0
0
0
0
0
1
0
0
2
1
0
2
1
1
1
0
0
1
1
0
0
1
1
2
3
2
1
0
2
0
1
3
1
2
0
1
2
3
4
2
4
1
4
5
7
4
6
6
3
5
6
4
7
8
3
9
6
9
6
8
8
9
7
7
7
0
4
8
6
3
7
4
6
1
3
5
1
2
2
1
6
0
0
1
4
1
1
1
3
5
3
1
2
3
4
2
2
2
1
2
2
4
2
1
4
2
2
1
3
3
0
1
3
1
1
0
0
2
1
2
4
0
3
0
2
4
0
1
1
1
0
1
0
2
0
1
2
0
2
1
1
0
0
2
2
1
0
2
0
1
1
0
1
2
0
0
1
0
0
0
3
1
3
0
1
1
1
0
0
1
1
0
0
2
1
0
3
0
2
0
0
1
0
0
1
1
1
0
0
1
2
1
0
0
1
0
1
0
1
0
0
0
1
0
0
0
1
0
2
1
1
1
2
0
1
0
1
1
1
0
0
1
0
1
0
0
0
0
1
1
1
1
1
1
1
1
1
1
2
1
3
0
1
3
1
1
6
0
0
3
2
4
2
7
5
5
3
2
2
4
4
5
4
5
1
1
10
9
2
6
4
9
11
8
8
13
7
6
6
2
10
7
7
9
7
6
7
6
8
9
7
10
11
9
8
2
10
5
8
2
1
3
2
5
2
3
5
3
2
1
4
2
2
1
0
0
1
5
0
2
0
2
0
2
2
1
0
0
0
1
2
1
1
0
1
1
1
1
0
1
1
0
1
0
0
0
4
1
0
1
1
1
0
0
0
1
0
0
2
1
0
0
0
1
0
0
0
0
1
1
1
0
2
0
0
1
0
1
0
0
2
1
0
0
0
0
2
1
0
0
0
0
1
1
0
2
2
3
2
0
0
0
0
2
0
0
1
1
0
0
0
0
1
1
0
3
0
0
2
1
1
1
1
0
0
0
0
0
0
1
0
1
0
0
0
0
0
1
1
1
0
2
0
1
3
1
0
2
0
1
0
0
2
0
0
0
0
0
0
2
0
0
1
0
1
0
0
1
1
1
0
0
0
2
0
2
0
2
0
1
1
2
1
0
0
2
0
1
1
1
1
1
1
1
4
0
3
3
2
2
2
1
1
2
1
0
0
3
2
0
0
2
3
1
0
1
0
2
4
2
0
0
4
1
1
3
0
2
2
2
1
0
0
2
1
1
2
0
0
0
1
1
1
2
2
0
1
3
0
1
0
1
0
0
2
2
1
0
2
1
0
1
2
1
2
0
0
1
0
2
2
1
2
0
2
1
1
0
0
2
0
0
1
2
0
1
1
0
0
0
1
2
1
0
0
1
0
1
0
0
2
1
2
1
0
2
1
1
1
1
1
1
1
2
1
4
1
0
0
2
2
1
1
4
2
2
2
1
1
1
4
0
4
1
0
1
2
2
0
1
1
3
6
1
3
6
2
2
4
3
3
1
1
3
3
0
1
1
4
2
1
2
2
3
3
0
3
2
0
4
1
2
3
6
3
1
2
2
2
3
0
1
1
1
2
2
0
3
1
3
1
0
0
0
0
0
2
1
2
3
2
0
0
0
2
3
0
0
0
1
0
2
0
0
1
2
2
0
4
2
2
0
1
2
0
1
1
3
1
1
2
1
0
0
0
1
1
0
2
1
1
3
2
2
0
0
1
1
1
3
1
0
0
1
2
0
0
2
1
2
0
0
0
4
0
5
3
5
3
1
3
3
2
3
2
4
1
2
3
1
6
2
3
4
5
3
5
0
1
6
3
3
3
7
8
3
3
5
5
2
6
10
7
6
5
11
8
8
4
3
6
4
6
4
5
5
5
8
6
5
7
2
7
10
4
7
6
5
4
11
7
9
2
5
10
9
7
7
5
6
5
8
3
4
3
3
7
4
6
8
7
7
7
7
8
10
7
4
8
6
6
7
2
4
8
6
3
4
7
7
5
3
7
3
2
5
6
12
5
3
2
2
4
7
6
5
4
7
8
5
5
4
5
8
3
4
4
2
5
4
5
5
6
4
1
3
4
2
2
6
6
2
4
2
2
3
5
2
6
3
0
2
4
2
6
3
2
3
2
3
0
5
3
1
0
0
3
2
4
2
4
2
3
2
3
2
1
2
2
3
2
1
4
4
2
6
1
2
1
4
1
2
1
1
8
1
1
1
4
0
1
2
2
4
1
6
1
2
5
4
4
0
3
4
2
1
2
0
0
5
0
3
5
0
2
1
7
3
1
0
1
1
1
1
1
2
3
1
5
3
2
1
4
2
1
2
0
3
1
3
5
1
4
3
4
2
1
2
0
1
4
3
2
1
3
4
2
1
3
2
0
0
2
4
3
2
5
2
2
4
3
2
2
3
3
1
2
4
4
2
4
7
2
3
3
3
6
4
4
1
3
7
3
4
6
5
3
4
4
6
3
4
4
9
5
4
4
3
3
3
5
2
4
6
6
3
6
3
3
6
5
7
5
4
3
4
2
7
4
4
5
8
4
6
6
2
7
6
8
5
6
2
9
10
11
9
7
9
7
12
13
10
9
6
6
13
12
15
18
17
15
21
18
29
24
22
36
20
31
42
43
34
33
59
60
74
68
99
106
102
96
148
147
162
205
197
252
253
273
329
356
390
412
457
511
574
559
677
739
704
839
919
961
957
1108
1036
1247
1278
1335
1478
1523
1606
1584
1729
1865
1764
1915
1956
2049
2062
2241
2122
2217
2375
2214
2428
2172
2393
2238
2361
2276
2302
2290
2224
2308
2064
2118
1963
2132
1988
1846
1918
1655
1639
1552
1523
1345
1363
1307
1185
1182
1006
1001
924
878
766
730
679
614
620
509
429
438
411
370
299
301
266
244
194
178
165
129
102
111
92
89
90
60
58
52
55
38
38
38
21
21
22
19
20
19
14
6
10
8
14
6
8
10
5
9
9
6
4
5
7
8
7
3
8
6
9
3
12
4
13
7
10
6
6
8
9
7
9
13
5
5
7
9
8
12
6
7
12
9
8
7
12
6
11
7
12
13
6
10
13
16
6
20
23
15
8
9
16
19
13
16
10
11
13
14
19
18
21
21
15
27
26
18
14
24
22
40
25
35
37
29
44
37
40
44
49
50
58
64
51
69
86
87
104
83
114
125
140
129
153
127
151
191
157
206
181
241
196
236
247
275
286
259
295
312
299
316
339
363
331
370
355
350
365
380
348
385
367
338
366
356
366
327
329
331
357
327
298
292
321
315
274
278
239
238
237
195
262
208
172
178
157
157
155
147
121
120
116
100
85
93
71
69
58
52
54
45
40
34
41
29
28
24
25
17
14
19
15
11
11
10
11
8
5
9
9
3
5
6
4
2
2
0
2
3
2
1
3
0
2
3
0
0
1
0
0
0
1
0
1
2
0
1
0
0
1
0
0
0
0
0
0
1
0
0
0
2
0
1
0
0
0
0
0
0
0
0
1
1
0
0
0
0
1
0
1
0
1
0
0
0
1
1
0
0
0
2
0
0
1
0
2
0
0
0
2
1
1
0
1
1
1
1
0
0
0
1
0
2
1
1
0
1
1
0
0
0
1
0
1
1
0
0
4
0
0
2
0
1
0
2
1
0
2
2
1
2
0
1
0
0
1
0
0
0
0
0
0
0
0
1
0
0
1
0
0
1
0
0
0
0
0
1
0
0
1
1
2
1
1
0
2
0
0
0
2
0
0
1
0
1
0
0
0
0
0
0
1
0
0
0
1
0
0
0
0
0
0
0
0
0
0
0
2
0
0
1
0
0
0
0
0
0
0
0
0
1
0
0
0
0
0
1
0
0
0
0
0
0
0
0
0
0
0
0
0
1
0
1
2
0
0
0
1
0
1
0
0
0
1
0
0
0
1
1
2
0
1
0
0
0
1
0
0
0
1
0
1
0
0
0
1
0
0
0
2
0
1
1
1
0
0
0
0
0
0
0
1
0
0
0
0
0
0
0
1
0
0
1
0
0
0
0
0
0
0
0
0
0
0
1
1
0
0
0
0
0
0
1
0
0
1
1
1
0
0
1
0
0
0
1
2
0
0
0
0
0
0
0
0
0
0
0
0
0
0
0
0
0
1
1
0
1
0
0
2
0
0
1
0
0
0
0
0
0
0
0
0
1
2
0
0
1
0
0
0
1
2
0
1
0
0
0
0
0
0
1
0
1
0
0
0
0
2
1
0
1
0
1
1
0
0
0
0
0
0
0
0
0
0
0
0
0
0
0
0
0
0
0
0
0
1
0
0
0
0
0
0
0
0
2
2
1
0
0
1
0
0
0
0
2
1
1
0
1
2
0
0
1
2
1
1
1
1
0
0
0
1
0
0
0
0
1
0
0
0
0
0
0
0
0
0
1
0
1
1
1
0
0
1
1
0
0
0
1
1
0
2
2
0
4
1
0
1
1
0
0
0
1
0
0
0
1
0
0
2
2
0
1
1
0
0
0
1
0
2
0
0
0
0
1
0
0
0
2
1
2
1
0
1
0
0
1
0
1
2
0
0
0
0
1
1
1
0
0
1
3
1
0
0
0
0
0
0
1
0
1
0
1
1
0
1
0
0
2
3
1
1
0
0
1
0
0
0
0
0
1
3
0
2
1
0
0
1
0
1
0
0
1
0
1
1
2
2
1
2
0
0
1
0
1
0
1
2
3
1
1
0
0
1
1
1
2
2
2
2
2
0
2
2
1
2
1
2
2
0
0
0
2
1
0
1
4
0
0
2
3
0
2
0
2
1
2
1
0
1
3
2
0
1
2
0
1
0
0
2
0
2
0
2
1
3
2
1
0
3
0
0
0
3
0
2
1
1
0
1
2
0
1
3
1
0
2
1
1
0
0
0
0
0
0
0
0
3
0
0
1
2
0
0
1
0
0
0
1
0
0
0
0
1
0
1
2
0
0
0
2
0
0
0
0
0
0
0
0
0
2
0
0
0
0
0
0
0
0
0
1
0
0
0
0
1
0
1
1
1
0
0
1
1
0
0
0
0
0
0
1
1
0
0
0
0
1
2
2
2
0
1
0
0
0
1
0
0
1
1
0
0
0
0
0
1
2
2
0
1
1
2
0
0
0
2
0
1
0
0
0
0
1
1
1
0
0
0
1
1
0
1
3
0
3
1
1
0
0
0
1
0
0
2
0
0
1
1
0
1
1
0
0
0
0
0
0
0
0
0
0
0
0
1
0
1
0
1
1
0
0
1
0
0
0
0
0
0
0
1
1
1
0
1
0
1
1
0
0
1
0
0
0
0
0
1
1
1
2
0
0
0
0
1
1
1
0
0
1
0
2
4
1
1
1
0
2
0
0
2
0
0
2
1
0
0
0
0
0
0
1
0
1
0
0
1
1
0
0
0
1
1
0
1
0
0
0
2
0
0
0
0
1
0
0
2
0
1
0
0
0
1
0
0
0
0
1
0
0
0
0
1
0
0
0
1
0
0
0
0
1
0
0
2
0
0
0
0
0
1
0
1
1
0
0
1
0
0
0
0
0
0
0
0
2
0
0
0
0
0
0
2
0
0
1
0
0
0
0
0
0
0
0
1
0
1
1
0
0
0
0
0
0
0
0
1
0
0
0
0
0
0
0
0
0
0
0
2
0
0
0
0
0
0
0
0
0
0
1
0
1
0
0
0
1
1
2
0
1
1
0
0
1
0
1
0
0
0
0
0
2
0
1
0
0
0
1
0
0
0
0
1
1
2
0
2
0
0
0
0
0
0
0
0
0
0
0
0
1
1
1
1
0
2
1
0
0
0
2
0
0
1
0
0
0
0
0
2
0
0
0
2
1
0
2
1
1
0
0
0
0
2
2
0
1
2
0
2
0
1
1
1
0
2
2
0
0
0
0
1
0
0
1
0
1
1
1
0
0
0
0
1
0
1
0
0
0
0
0
0
0
1
0
1
1
0
0
2
0
0
0
0
1
1
4
0
1
2
0
2
1
0
0
0
2
1
0
1
0
0
1
1
0
1
1
1
1
0
1
1
1
1
1
0
2
1
0
0
4
2
0
0
0
1
0
0
1
0
0
0
0
2
1
0
0
1
1
1
3
0
1
0
1
1
0
2
1
2
2
0
0
1
1
1
1
0
0
0
1
1
3
0
1
1
2
2
0
0
0
1
0
1
0
1
1
0
0
0
2
2
0
0
0
0
0
1
2
0
0
1
0
2
1
1
0
0
0
1
2
0
0
1
0
0
1
1
0
3
1
1
0
0
0
1
0
1
0
0
0
1
3
2
1
0
1
1
0
1
0
0
1
1
2
0
2
0
0
1
2
0
0
0
0
0
0
1
0
2
0
0
0
0
1
1
2
0
1
1
0
0
0
1
3
2
1
3
1
0
0
1
0
0
1
1
0
1
0
0
0
0
3
0
2
1
2
1
0
1
0
2
0
0
0
0
0
0
1
0
1
0
1
0
0
1
0
0
2
2
0
0
1
1
1
2
0
0
0
0
0
0
1
0
1
2
0
0
2
0
1
0
0
0
0
1
0
0
1
2
3
0
1
1
1
3
0
0
1
1
1
1
1
1
0
0
0
0
1
0
1
0
1
0
0
0
0
1
0
0
0
1
1
1
0
0
0
1
2
0
0
1
0
0
0
0
0
1
2
0
0
0
1
1
1
1
1
1
0
1
4
1
1
2
0
0
0
0
1
0
1
2
0
0
0
1
3
0
0
2
1
0
3
0
1
4
3
0
0
2
1
1
0
2
1
2
6
1
3
4
5
0
0
5
3
8
5
4
7
7
3
6
11
6
14
8
10
16
6
13
12
13
19
19
16
22
15
26
29
32
22
19
33
18
25
33
30
36
38
37
43
44
38
39
41
48
59
42
53
43
45
31
36
60
60
52
50
61
57
59
76
52
66
34
59
53
52
62
51
43
60
49
45
45
55
48
41
40
49
36
41
38
36
44
41
33
28
24
36
29
38
22
26
16
19
19
21
13
17
15
10
10
10
10
12
9
6
7
3
10
7
4
9
4
6
8
6
9
4
3
3
1
1
4
2
2
4
1
0
2
4
4
2
0
3
2
0
2
1
0
2
1
0
1
0
2
2
0
2
0
0
0
0
0
0
0
0
1
1
1
0
1
0
2
1
0
2
2
1
1
0
0
0
0
0
0
1
3
2
0
2
2
1
1
1
1
2
2
2
0
2
1
2
1
2
3
0
3
3
3
1
0
4
1
2
3
6
2
0
0
4
1
5
2
2
8
2
3
7
6
6
6
8
9
7
6
8
9
8
9
16
13
11
16
18
17
13
9
14
14
19
10
14
13
14
13
20
14
14
12
18
18
14
14
23
13
17
22
22
13
16
16
15
16
15
23
19
13
16
14
17
16
17
13
17
9
15
11
19
12
8
7
8
10
9
3
13
11
7
7
9
4
1
5
4
3
6
4
6
6
0
3
6
4
1
4
3
3
3
3
3
3
1
3
0
0
1
0
1
3
0
0
0
1
0
0
0
1
0
1
2
0
0
0
0
0
0
0
1
2
1
0
0
0
0
3
0
1
1
0
1
0
0
0
0
0
0
0
1
1
0
0
0
0
0
0
0
0
2
0
0
3
1
1
0
0
0
0
0
2
0
3
0
0
0
0
0
2
0
1
0
1
1
0
0
0
0
0
2
0
0
0
1
3
0
0
0
0
0
1
3
0
0
0
0
1
1
2
0
1
1
0
1
3
2
0
2
2
2
1
0
3
1
2
1
1
0
2
1
2
2
1
0
1
4
2
6
2
1
0
1
1
1
3
0
3
5
4
1
4
2
1
0
1
0
2
0
2
1
0
1
2
2
1
1
2
1
0
2
1
0
1
1
0
0
2
0
2
1
0
1
1
0
1
2
2
0
0
2
0
0
2
0
1
3
0
2
0
0
1
0
1
0
1
0
1
0
0
0
0
0
0
1
0
0
0
1
1
0
1
0
0
1
0
1
0
0
0
0
1
0
0
0
1
0
0
0
1
0
0
1
0
0
0
1
0
1
2
0
0
0
0
0
1
2
1
0
0
0
1
2
0
1
0
1
0
0
1
0
0
2
0
1
0
0
0
1
0
0
0
1
0
2
0
0
0
1
0
1
0
0
1
0
0
2
2
1
0
0
0
0
0
1
0
0
0
0
0
0
0
1
0
0
0
0
3
0
0
0
0
0
1
0
2
1
0
0
0
1
2
1
1
0
1
0
0
0
1
0
0
0
1
0
0
1
0
0
1
0
1
1
0
0
0
0
0
0
0
0
0
1
0
0
0
0
1
0
0
0
1
0
0
1
0
3
0
0
0
0
0
0
0
0
0
0
0
0
0
3
0
1
1
0
1
1
0
0
1
1
0
0
1
0
0
1
0
0
0
0
1
0
0
0
0
0
0
1
0
0
0
0
0
1
0
2
2
0
0
0
1
0
0
2
1
0
0
0
2
1
1
0
0
1
0
0
0
0
1
0
0
0
1
0
1
0
0
0
0
0
2
0
0
0
0
1
2
1
0
0
0
1
0
0
0
0
0
2
0
1
0
0
0
1
0
0
0
0
0
0
0
0
2
0
0
1
0
0
2
1
1
0
0
0
0
0
0
0
0
1
1
0
0
1
0
0
0
2
0
2
0
0
3
0
0
0
0
0
0
0
0
0
1
1
1
0
1
0
0
0
1
0
0
0
0
0
0
2
0
1
0
0
2
0
0
1
1
0
0
0
0
0
1
0
1
1
1
1
2
1
1
0
0
0
1
0
0
1
0
0
0
2
1
0
1
1
1
1
0
0
0
0
2
1
0
0
1
1
0
0
0
0
1
1
0
0
1
0
0
0
2
0
1
1
0
0
1
1
0
0
0
1
0
0
1
0
1
0
0
1
0
0
0
1
0
0
1
1
0
1
0
0
0
0
0
0
0
1
0
0
0
1
0
2
0
0
1
3
0
0
0
1
1
0
0
0
0
1
0
0
0
1
0
0
0
0
1
2
0
1
1
0
0
0
0
1
0
0
0
0
0
0
0
0
1
0
0
0
0
1
1
0
2
0
0
0
0
0
0
0
0
1
0
0
0
0
1
0
1
0
0
1
1
2
0
0
1
1
2
3
0
3
0
2
0
0
1
4
0
0
1
1
0
0
0
0
0
0
0
1
0
1
1
0
0
0
1
1
0
0
1
0
1
0
0
0
1
2
0
0
0
0
0
0
0
1
1
1
0
1
0
1
0
1
1
1
0
0
2
0
1
2
3
0
1
0
1
0
1
0
0
0
0
0
0
0
0
1
1
0
0
0
1
0
0
1
1
1
2
1
0
0
2
2
0
1
0
1
0
1
0
1
1
1
0
0
1
0
0
0
0
1
0
0
0
1
1
0
1
1
1
1
0
1
1
2
0
0
0
0
1
0
1
0
1
1
0
3
0
0
1
1
0
0
2
1
0
2
1
2
0
0
0
1
0
0
0
0
0
1
2
1
0
0
3
0
0
0
2
1
1
0
0
0
0
2
0
0
1
1
0
0
2
0
1
1
0
0
0
0
0
1
0
1
1
1
2
0
1
0
0
1
1
3
0
0
2
0
1
3
1
1
0
1
1
0
0
0
0
0
1
2
2
0
0
0
0
0
2
0
0
1
1
0
0
1
3
0
2
1
0
1
0
0
0
1
1
0
1
1
2
1
0
1
0
0
0
0
0
2
0
1
1
0
1
0
3
0
1
1
2
1
0
0
0
1
0
1
1
0
1
0
0
0
0
0
0
0
1
0
0
0
0
0
1
0
0
1
0
0
1
3
0
0
0
0
1
2
0
1
0
0
1
2
0
0
1
1
1
0
0
1
0
0
0
2
0
1
0
0
1
0
0
0
2
2
0
1
1
1
0
0
2
2
1
1
0
0
1
1
0
2
1
1
1
1
2
2
1
0
1
1
0
1
3
0
0
2
2
1
1
0
1
1
3
4
0
1
3
0
1
2
0
1
2
3
2
1
2
1
1
0
1
2
0
1
2
1
1
2
0
3
0
3
2
2
2
1
0
0
2
0
0
1
1
1
0
2
0
1
1
0
0
1
0
0
0
0
0
2
2
0
1
1
0
0
2
1
1
1
1
0
1
2
0
0
0
0
0
2
0
2
0
0
0
1
1
0
0
0
1
0
2
1
0
1
1
0
0
0
0
0
2
0
0
0
0
0
1
0
0
1
0
0
0
0
1
0
0
0
0
0
0
0
0
0
0
0
0
0
0
1
0
0
1
0
0
1
0
1
0
0
0
0
0
2
2
0
0
1
0
0
0
0
0
0
0
0
0
0
0
1
0
0
0
0
0
1
1
1
0
0
0
0
1
0
0
0
0
0
1
1
0
1
0
1
0
0
0
0
0
0
0
0
0
0
0
0
0
0
1
0
0
1
1
3
1
1
2
0
1
0
2
0
2
0
0
1
0
0
0
2
0
1
0
0
0
0
0
0
0
0
0
0
0
0
0
0
0
0
0
0
0
0
0
1
0
0
0
1
0
0
0
1
1
0
0
0
0
0
0
0
0
0
0
0
0
1
0
0
1
1
0
0
0
0
0
1
0
0
0
0
1
0
2
0
0
0
0
0
0
0
0
0
0
1
1
0
1
1
0
1
1
0
0
0
0
0
0
0
0
0
0
0
2
1
0
0
0
0
0
0
0
1
1
0
0
1
0
0
0
0
0
0
1
1
1
0
1
0
0
0
1
0
0
0
0
0
0
0
0
0
1
0
0
0
0
2
0
0
0
0
0
0
0
1
0
0
0
0
0
0
0
0
1
0
0
0
0
0
0
1
1
0
1
0
0
1
0
0
1
2
0
1
0
0
0
0
1
0
0
0
1
0
0
0
0
0
0
1
1
0
1
1
0
1
1
0
0
0
0
0
0
0
0
1
0
1
0
0
0
1
1
1
0
1
3
1
1
2
0
0
0
2
2
0
2
1
1
1
1
1
0
0
0
0
0
0
1
1
1
1
1
0
2
0
0
1
1
1
1
2
1
4
3
1
2
0
2
1
0
2
0
1
1
0
3
3
2
0
0
1
1
0
1
0
3
2
0
1
0
0
0
2
1
1
0
2
0
2
1
1
0
0
1
3
1
0
0
0
0
1
0
0
1
0
0
2
0
1
1
0
1
1
0
0
1
1
0
1
0
0
1
0
0
0
2
0
0
0
1
1
0
1
0
0
0
0
1
1
2
0
0
0
0
0
1
1
1
0
0
1
0
0
0
0
1
0
0
0
0
0
0
0
0
2
0
0
0
0
1
0
1
0
1
0
1
0
0
1
0
0
0
4
0
0
0
0
0
2
0
0
0
0
0
0
0
0
0
1
1
0
0
2
0
1
1
1
0
1
1
2
1
1
0
0
1
2
1
0
1
1
0
0
1
1
0
0
1
0
1
2
0
1
0
0
1
0
0
1
1
0
1
0
1
0
0
0
2
1
1
2
0
0
1
3
0
1
0
2
1
0
0
1
0
0
2
0
1
1
2
0
0
0
0
1
1
0
0
0
0
0
0
0
1
1
1
0
0
0
1
1
0
0
0
2
0
0
0
0
1
0
0
0
1
0
0
1
0
0
1
0
0
0
0
0
0
0
0
0
0
1
0
0
1
0
0
0
0
0
0
0
0
1
0
0
1
0
0
1
0
0
1
0
0
0
0
1
1
0
0
0
1
1
0
0
1
0
0
1
0
0
0
0
0
0
1
0
1
0
0
0
0
1
0
0
1
1
1
0
0
1
0
1
0
0
0
0
2
1
1
1
0
1
1
0
1
0
0
0
0
0
0
0
0
0
0
0
1
0
0
0
1
0
0
0
0
1
0
0
0
0
0
0
0
1
0
1
0
0
0
0
0
0
0
0
1
0
0
0
1
0
0
1
0
1
0
0
0
0
0
0
0
1
0
0
1
0
0
1
0
3
0
0
1
0
1
0
0
0
0
1
1
0
0
1
1
1
1
0
1
1
0
1
0
0
0
0
0
0
0
0
0
0
0
0
2
2
0
0
0
0
0
0
0
0
0
0
0
0
0
0
1
0
1
0
0
0
1
0
0
0
0
0
2
0
1
0
0
1
0
0
0
0
0
0
0
1
0
0
0
1
0
0
0
0
0
0
1
0
1
0
0
0
0
0
0
0
0
0
0
0
0
0
0
0
0
0
0
0
1
0
1
0
0
0
0
0
0
0
0
0
1
0
0
0
1
0
0
1
0
0
0
0
1
0
0
1
2
0
0
0
1
0
1
0
0
0
0
0
0
1
0
0
0
0
1
0
0
0
1
0
0
0
0
1
0
1
0
2
0
0
0
1
0
0
1
1
0
1
0
0
0
0
0
0
0
0
0
0
1
0
1
0
0
0
1
0
0
0
0
0
0
0
0
0
0
0
0
0
0
0
0
0
1
1
0
0
0
0
1
0
2
0
0
0
0
1
0
0
0
0
1
0
0
1
0
0
0
0
1
0
0
1
0
0
1
0
1
0
1
0
0
0
0
0
0
0
0
0
2
0
0
0
0
0
0
0
0
0
0
0
1
0
1
0
0
2
1
0
0
1
1
0
0
0
0
0
0
0
1
0
0
0
2
0
0
0
0
1
0
0
0
0
0
0
0
0
0
0
0
0
0
0
1
0
0
0
0
0
0
0
0
0
1
0
1
1
0
0
0
0
1
0
0
0
0
0
0
0
0
0
0
1
0
0
0
0
0
0
2
0
1
1
1
0
0
0
0
0
0
0
0
0
0
1
0
0
0
0
0
0
1
0
0
0
1
0
0
0
0
0
0
0
0
1
0
0
0
0
0
0
0
0
0
0
1
0
1
0
0
0
0
0
0
0
0
0
0
1
0
0
0
0
0
0
0
0
1
0
1
0
0
0
0
0
0
0
1
0
0
0
0
0
0
0
2
0
0
1
0
0
0
0
1
0
0
0
0
1
0
0
0
0
0
0
0
0
0
0
0
1
1
0
1
0
0
0
0
1
1
0
0
0
0
0
0
0
0
0
0
1
1
1
0
0
1
0
0
1
0
0
0
0
0
0
0
0
0
0
0
0
0
0
0
0
0
0
0
0
0
0
0
1
0
0
0
0
0
0
0
0
0
0
0
0
2
0
0
0
0
0
0
1
0
0
0
0
0
0
0
0
0
1
0
0
0
0
2
0
0
0
0
0
0
0
0
1
0
1
1
0
0
1
1
0
0
0
0
0
0
0
0
0
0
0
0
0
1
0
0
0
0
0
0
0
0
0
0
0
0
0
0
0
0
0
0
0
0
0
0
0
0
0
0
0
1
0
0
0
0
0
0
1
0
0
0
0
0
0
0
0
1
1
0
0
0
0
0
0
0
0
1
1
0
0
0
0
0
0
0
0
0
0
0
1
0
0
0
1
1
1
0
0
0
0
0
0
0
0
0
1
0
0
0
0
0
0
0
0
1
0
0
0
0
0
0
0
0
0
0
0
0
0
0
0
0
1
0
0
0
0
0
0
0
0
0
0
0
0
0
0
0
0
0
0
0
0
0
1
0
0
0
0
0
0
0
0
0
0
0
0
0
0
1
0
0
0
0
0
0
0
0
1
0
0
0
0
0
0
0
0
0
1
0
0
0
1
0
1
0
0
0
0
0
1
0
0
0
0
0
0
0
0
0
0
0
0
0
0
0
0
0
0
0
0
0
1
0
0
0
1
0
0
0
0
0
0
0
1
0
0
0
0
0
0
0
0
0
0
0
0
0
1
0
0
0
0
1
0
0
0
0
0
0
0
0
0
0
1
0
0
0
1
0
0
0
0
0
0
1
1
1
0
0
0
0
0
1
0
0
1
0
0
0
0
0
0
0
0
1
1
0
0
0
0
0
0
1
0
0
0
0
0
1
0
0
0
0
0
0
0
0
0
1
0
0
0
0
0
0
0
0
0
0
1
1
0
1
0
0
0
0
0
0
0
0
0
0
0
0
0
1
0
1
0
0
1
0
0
0
0
0
0
0
0
0
0
0
0
0
0
0
0
0
0
0
0
0
0
0
1
0
0
1
1
0
1
0
0
0
0
0
0
0
0
1
0
1
0
1
0
0
1
1
0
0
1
0
1
0
0
0
1
0
0
0
0
1
0
0
0
0
1
0
1
0
0
1
0
0
0
0
0
0
0
0
0
0
0
0
0
0
0
0
0
1
0
0
0
0
0
0
0
0
0
0
0
1
0
0
0
0
0
0
0
0
0
0
0
0
0
0
0
1
1
0
0
0
0
0
0
0
0
0
0
0
0
1
0
0
1
0
0
0
0
0
1
0
0
0
0
1
0
0
1
0
0
0
1
0
0
0
0
0
0
0
0
0
0
0
0
0
0
0
0
0
0
0
0
0
1
0
1
0
0
0
0
0
0
0
0
0
0
0
0
0
0
0
0
0
0
0
0
0
0
0
1
1
0
0
0
1
0
0
0
0
0
1
0
0
0
0
0
0
0
0
1
0
0
0
1
0
0
1
0
0
0
1
0
0
1
0
1
0
0
0
0
0
0
0
0
0
0
1
1
0
1
0
0
0
1
0
1
0
1
0
1
0
0
0
0
0
1
0
1
0
0
0
0
0
0
0
0
0
0
1
0
0
0
0
0
1
0
0
0
0
0
0
0
0
0
0
0
0
0
0
0
0
0
0
0
0
0
0
0
0
0
0
0
0
0
0
0
0
1
0
0
0
0
0
0
0
0
0
0
0
0
0
0
0
0
0
0
0
0
0
0
0
0
0
0
0
0
0
1
0
0
0
0
0
0
0
0
0
0
1
0
0
1
0
0
0
0
0
0
0
0
0
0
0
0
0
0
0
0
0
0
0
0
0
0
0
0
1
0
0
0
1
0
0
0
0
0
0
0
0
1
0
0
0
0
0
0
0
0
1
0
0
0
0
0
0
1
0
0
0
0
0
0
0
0
0
0
0
1
0
0
0
0
0
0
0
0
0
0
0
0
0
0
0
0
0
0
1
0
0
0
0
0
0
0
0
0
0
0
0
0
0
0
0
0
0
0
0
0
0
0
0
0
0
0
0
0
0
0
0
0
0
0
0
0
0
1
0
0
0
0
0
0
0
0
0
0
0
0
0
0
0
0
0
0
0
0
0
1
0
0
0
0
0
0
0
0
0
0
0
0
0
0
0
0
0
1
0
0
0
1
0
0
0
0
1
0
0
0
0
0
0
0
0
0
1
0
0
0
0
1
0
1
0
1
0
0
0
0
0
0
0
0
0
2
0
0
0
0
1
0
1
0
0
1
0
0
0
0
1
0
1
1
0
0
1
0
0
1
0
0
0
0
0
0
0
0
0
0
1
0
0
0
0
0
0
0
0
0
1
0
0
0
0
0
1
0
0
0
0
0
0
0
0
0
1
0
0
0
0
0
0
0
0
0
0
1
0
0
0
0
0
0
1
0
0
0
1
0
0
0
0
0
1
0
0
0
1
0
0
0
1
0
0
0
0
1
0
0
0
0
0
0
0
0
0
1
1
0
0
0
0
0
0
0
0
0
0
1
0
0
0
0
0
0
0
0
0
0
0
0
0
0
0
0
1
0
0
0
0
0
0
0
1
1
0
0
0
0
0
0
0
0
1
0
0
0
0
0
0
0
0
0
0
0
0
0
0
0
1
0
0
0
0
0
0
0
0
0
0
0
0
0
0
0
0
0
0
0
1
0
0
1
0
0
0
1
0
0
1
0
1
0
0
0
1
0
0
0
0
0
0
0
0
1
0
0
0
0
0
0
0
1
0
0
0
0
0
0
0
0
0
0
0
0
0
0
1
0
0
0
0
0
0
0
0
0
0
0
0
0
0
0
0
0
0
0
0
1
0
1
0
0
0
0
0
0
0
0
0
0
0
0
0
0
0
0
0
1
0
0
0
0
0
1
0
0
0
0
0
0
0
0
0
1
0
0
0
0
0
0
1
0
0
0
0
0
0
0
0
0
0
0
0
0
0
0
0
0
0
0
0
0
0
0
0
0
0
0
0
0
1
0
0
0
0
0
0
0
0
0
0
0
0
0
0
0
0
0
0
0
0
0
0
0
1
0
0
1
0
0
0
1
0
0
0
0
0
1
0
0
0
0
0
0
0
0
0
0
0
0
0
0
0
0
0
0
0
0
0
0
0
0
0
0
0
0
0
0
0
0
0
0
0
0
0
0
0
0
0
0
0
0
0
0
0
0
0
0
0
0
0
0
0
0
0
0
0
1
0
0
0
0
0
0
0
0
0
0
1
0
0
0
0
0
1
0
0
0
0
0
0
0
0
0
0
0
0
0
0
0
0
0
0
0
0
0
0
0
0
0
0
0
0
0
0
0
0
0
0
0
0
0
0
0
0
0
0
0
0
0
0
0
1
0
0
0
0
1
0
1
0
0
0
0
0
0
0
0
0
0
0
0
0
0
0
0
0
0
0
0
0
0
0
0
0
0
0
2
0
0
0
0
0
0
0
0
0
0
0
1
0
0
0
0
0
0
0
0
0
0
0
0
0
0
0
0
0
0
0
0
0
0
0
0
0
0
1
0
0
0
0
0
1
0
0
0
0
0
0
0
0
0
0
0
0
0
0
0
1
0
0
0
0
0
0
0
0
0
0
0
0
0
0
0
0
0
0
0
0
1
0
0
0
0
0
0
0
0
0
0
0
0
0
0
0
0
0
0
0
0
0
0
0
0
0
0
0
0
0
0
0
0
0
0
0
0
0
0
1
0
0
0
0
0
1
0
0
0
0
1
0
0
0
0
1
0
0
0
0
0
0
0
0
0
0
0
0
0
0
0
0
0
1
0
0
0
0
0
0
0
0
1
0
0
0
0
0
0
0
0
0
1
0
0
0
0
0
0
0
1
0
1
0
0
1
0
0
0
0
0
0
0
0
0
0
0
0
0
0
0
0
0
0
0
0
0
0
0
0
0
0
0
0
0
0
0
0
0
0
0
0
0
0
0
0
0
0
0
0
0
0
0
0
0
0
0
0
0
0
0
0
0
0
0
0
0
0
0
0
0
0
0
0
0
0
0
0
0
0
0
0
0
0
0
0
0
1
0
0
0
0
0
0
0
0
0
0
0
0
0
0
0
0
0
0
0
0
1
0
0
0
0
0
0
0
1
0
0
0
0
0
0
0
0
0
0
0
0
0
0
0
0
0
0
0
0
0
0
0
0
<<END>>
<<DP5 CONFIGURATION>>
RESC=?;    Reset Configuration
CLCK=20;    20MHz/80MHz
TPEA=32.000;    Peaking Time
GAIF=0.9727;    Fine Gain
GAIN=29.999;    Total Gain (Analog * Fine)
RESL=13107;    Detector Reset Lockout
TFLA=1.200;    Flat Top
TPFA=1600;    Fast Channel Peaking Time
PURE=ON;    PUR Interval On/Off
RTDE=OFF;    RTD On/Off
MCAS=NORM;    MCA Source
MCAC=8192;    MCA/MCS Channels
SOFF=OFF;    Set Spectrum Offset
AINP=NEG;    Analog Input Pos/Neg
INOF=DEF;    Input Offset
GAIA=12;    Analog Gain Index
CUSP=0;    Non-Trapezoidal Shaping
PDMD=NORM;    Peak Detect Mode (Min/Max)
THSL=4.492;    Slow Threshold
TLLD=OFF;    LLD Threshold
THFA=11.62;    Fast Threshold
DACO=OFF;    DAC Output
DACF=0;    DAC Offset
RTDS=0;    RTD Sensitivity
RTDT=0.00;    RTD Threshold
BLRM=1;    BLR Mode
BLRD=3;    BLR Down Correction
BLRU=0;    BLR Up Correction
GATE=OFF;    Gate Control
AUO1=ICR;    AUX_OUT Selection
PRET=60.0;    Preset Time
PRER=60.000;    Preset Real Time
PREC=OFF;    Preset Counts
PRCL=0;    Preset Counts Low Threshold
PRCH=0;    Preset Counts High Threshold
HVSE=180;    HV Set
TECS=225;    TEC Set
PAPS=ON;    Preamp 8.5/5 (N/A)
SCOE=RI;    Scope Trigger Edge
SCOT=87;    Scope Trigger Position
SCOG=1;    Digital Scope Gain
MCSL=0;    MCS Low Threshold
MCSH=0;    MCS High Threshold
MCST=0.00;    MCS Timebase
AUO2=ICR;    AUX_OUT2 Selection
TPMO=OFF;    Test Pulser On/Off
GPED=FA;    G.P. Counter Edge
GPIN=AUX1;    G.P. Counter Input
GPME=OFF;    G.P. Counter Uses MCA_EN?
GPGA=OFF;    G.P. Counter Uses GATE?
GPMC=OFF;    G.P. Counter Cleared With MCA Counters?
MCAE=OFF;    MCA/MCS Enable
BOOT=ON;    Turn Supplies On/Off At Power Up
<<DP5 CONFIGURATION END>>
<<DPP STATUS>>
Device Type: DP5
Serial Number: 13140
Firmware: 6.07  Build:  3
FPGA: 6.02
Fast Count: 778809
Slow Count: 139274
GP Count: 1
Accumulation Time: 35.400000
Real Time: 60.000000
Dead Time: 82.12%
HV Volt: 181V
TEC Temp: 227K
Board Temp: 40°C
<<DPP STATUS END>>
