<<PMCA SPECTRUM>>
TAG - live_data
DESCRIPTION - 
GAIN - 5
THRESHOLD - 0
LIVE_MODE - 0
PRESET_TIME - 0
LIVE_TIME - 5.996519
REAL_TIME - 35.336000
START_TIME - 03/07/2018 15:58:40
SERIAL_NUMBER - 0
<<CALIBRATION>>
LABEL - keV
809.65 3.66
810.98 3.66
1816.99 8.05
2012.04 8.9
2012.55 8.9
2393.16 10.55
2393.61 10.55
2862.68 12.612
2862.87 12.612
5717.27 25.27
5718.07 25.27
6460.66 28.48
6462.08 28.48
<<ROI>>
592 1088
5559 5887
6373 6553
<<DATA>>
0
0
0
0
0
0
0
0
0
0
0
0
0
0
0
0
0
0
0
0
0
0
0
0
0
0
0
0
0
0
0
0
0
0
0
0
0
0
0
0
0
0
0
0
0
0
0
0
0
0
0
0
0
0
0
0
0
0
0
0
0
0
0
0
0
0
0
0
0
0
0
0
0
0
0
0
0
0
0
0
0
0
0
0
0
0
0
0
0
0
0
0
0
0
0
0
0
0
0
0
0
0
0
0
0
0
0
0
0
0
0
0
0
0
0
0
0
0
0
0
0
0
0
0
0
0
0
0
0
0
0
0
0
0
0
0
0
0
0
0
0
0
0
0
0
0
0
0
0
0
0
0
0
0
0
0
0
0
0
0
0
0
0
0
0
0
0
0
0
0
0
0
0
0
0
0
0
0
0
0
0
0
0
0
0
0
0
0
0
0
0
0
0
0
0
0
0
0
0
0
0
0
0
0
0
0
0
0
0
0
0
0
0
0
0
0
0
0
0
0
0
0
0
0
0
0
0
0
0
0
0
0
0
0
0
0
0
0
0
0
0
0
0
0
0
0
0
0
0
0
0
0
0
0
0
0
0
0
0
0
0
0
0
0
0
0
0
0
0
0
0
0
0
0
0
0
0
0
0
0
0
0
0
0
0
0
0
0
0
0
0
0
0
0
0
0
0
0
0
0
0
0
0
0
0
0
0
0
0
0
0
0
0
0
0
0
0
0
0
0
0
0
0
0
0
0
0
0
0
0
0
0
0
0
0
0
0
0
0
0
0
0
0
0
0
0
0
0
0
0
0
0
0
0
0
0
0
0
0
0
0
0
0
0
0
0
0
0
0
0
0
0
0
0
0
0
0
0
0
0
0
1
0
0
1
0
0
0
0
0
0
0
0
0
0
0
0
0
0
0
0
1
0
0
0
0
0
0
1
0
0
0
1
0
0
0
0
0
0
0
0
0
2
0
0
1
0
0
0
0
0
0
0
0
0
0
0
0
0
0
0
0
0
0
1
1
0
0
0
0
0
0
0
0
0
0
1
1
0
0
0
0
0
0
0
0
1
0
0
0
0
0
0
1
0
1
0
0
0
0
0
0
0
0
0
0
0
0
0
0
0
1
0
1
0
1
1
0
0
2
0
0
1
0
0
1
0
1
1
0
0
0
0
0
0
0
0
1
0
0
0
0
0
0
1
0
0
1
0
0
0
0
0
0
0
0
0
0
0
0
0
0
0
1
0
0
0
0
1
0
0
1
0
0
0
0
1
2
0
0
0
1
0
1
1
2
0
0
0
1
0
0
2
0
1
1
0
0
3
0
1
0
1
0
0
0
2
2
0
2
2
1
1
0
2
0
0
1
0
1
1
0
0
0
0
0
0
0
0
1
0
0
0
1
2
1
2
1
0
0
0
0
1
0
1
2
1
1
2
2
3
0
3
1
2
2
2
0
3
1
4
2
6
2
3
6
3
4
5
10
5
2
4
2
6
7
5
7
3
5
8
1
6
5
4
4
4
9
11
3
6
4
3
2
5
1
4
5
4
5
4
5
5
3
0
3
2
1
3
0
6
1
0
2
2
0
1
2
0
5
2
3
3
2
5
4
3
1
5
2
2
3
0
2
1
3
1
2
3
4
1
3
3
4
1
2
1
2
2
0
3
2
1
2
0
1
1
1
1
1
1
0
1
2
2
2
6
2
0
4
4
5
3
2
4
2
3
2
1
5
4
2
1
4
2
3
6
4
3
6
3
5
2
9
5
8
5
3
11
5
4
3
4
3
7
2
5
4
5
4
5
3
9
3
4
6
6
2
6
3
2
3
2
2
3
1
5
2
5
2
1
2
3
0
0
2
0
1
1
1
2
0
2
0
1
0
0
1
1
0
0
1
1
1
0
0
0
1
2
0
1
0
0
1
0
1
1
0
0
0
0
0
0
3
0
1
0
0
1
2
1
2
1
0
1
0
1
0
2
2
4
0
0
3
2
2
0
1
4
5
4
3
3
2
3
7
7
4
7
1
3
4
6
3
3
1
1
2
2
1
5
3
1
5
2
3
3
5
1
2
1
2
2
2
4
3
0
1
1
0
0
2
2
1
1
3
2
0
1
3
1
1
2
0
2
0
1
0
0
0
1
0
2
1
0
0
0
0
0
1
1
2
0
2
0
0
0
1
1
0
0
2
0
0
0
1
0
1
0
0
0
0
0
0
0
1
0
0
0
2
0
1
0
0
0
3
1
0
1
1
1
0
1
2
0
0
1
0
0
0
0
0
0
3
1
1
0
0
0
1
0
2
0
3
0
0
1
1
1
0
0
1
1
1
1
0
0
0
1
1
1
2
0
0
1
2
0
0
2
3
1
1
1
3
1
0
0
1
1
1
0
2
2
0
0
2
0
1
1
0
2
1
1
1
2
1
0
1
0
2
1
0
0
0
2
2
0
1
0
0
1
1
0
1
1
3
2
0
3
1
0
1
0
0
1
1
0
2
3
1
2
3
1
2
2
3
2
0
0
5
5
3
3
0
1
4
5
3
0
1
0
2
2
0
1
2
2
1
1
2
1
2
1
3
2
1
1
4
2
0
0
3
1
1
2
2
1
1
0
1
0
1
0
1
1
1
2
2
1
0
0
1
0
1
3
2
1
1
0
0
0
1
1
0
1
1
2
0
2
2
1
0
2
0
2
0
1
1
1
1
3
0
0
2
2
1
2
3
2
1
1
2
1
2
2
2
0
2
0
1
0
3
1
0
2
1
1
2
1
2
2
1
2
0
2
0
1
1
3
2
1
2
0
1
1
3
2
1
3
3
3
0
5
0
1
0
0
2
3
5
3
6
3
3
5
3
5
2
8
5
1
5
5
6
8
3
4
3
3
5
6
6
4
8
6
7
6
4
7
4
4
7
13
10
7
3
4
5
10
5
8
7
8
8
6
2
5
6
4
5
6
4
5
6
6
4
5
3
8
7
10
2
9
1
7
4
2
4
5
8
4
5
3
7
9
3
8
6
7
4
6
7
5
2
7
3
7
4
3
1
4
2
2
3
3
4
0
1
7
4
5
4
1
1
3
4
2
2
4
1
1
2
1
1
2
2
4
0
4
4
1
2
2
4
0
0
5
3
2
3
2
1
1
5
1
0
2
1
2
3
4
3
3
5
2
6
2
9
2
3
4
2
6
1
1
4
4
3
5
1
8
4
10
7
3
3
9
5
9
5
8
4
6
6
5
8
5
9
6
7
7
5
10
6
9
5
5
5
7
2
4
6
2
4
7
1
6
8
12
8
5
5
6
5
7
8
6
5
8
5
8
7
5
6
8
5
6
6
8
5
7
5
16
6
6
6
10
8
4
10
15
8
7
13
7
11
8
4
5
12
4
13
12
4
8
14
12
10
5
13
7
10
4
8
6
14
5
9
10
9
7
11
13
10
8
6
9
9
6
4
2
9
7
4
8
5
5
6
9
8
9
9
8
7
5
7
4
9
3
3
5
10
7
11
5
7
6
4
6
4
6
12
3
9
5
7
8
8
5
9
9
9
9
6
3
2
7
2
2
7
7
7
6
4
1
8
9
7
7
4
4
6
3
5
10
4
4
4
5
4
5
3
3
6
6
6
6
3
2
9
4
7
6
8
4
5
5
4
5
5
7
7
9
3
6
5
7
9
6
11
8
11
9
12
11
9
15
17
17
19
20
24
19
33
39
31
37
45
48
59
67
71
64
66
118
93
112
123
130
159
133
159
186
216
181
253
237
292
307
302
340
329
395
346
421
384
464
497
483
530
525
549
558
544
578
585
611
614
629
602
624
618
635
722
659
637
646
652
536
650
551
598
580
535
540
483
522
459
468
457
363
360
367
336
306
302
263
262
252
224
224
191
183
174
131
127
126
98
112
91
70
80
61
58
62
57
43
49
28
34
23
30
17
24
18
20
11
21
19
21
22
14
18
18
17
19
21
25
19
19
22
30
29
32
29
44
43
52
59
56
51
64
79
90
114
101
133
141
151
187
183
206
250
270
298
277
345
352
399
381
463
527
530
610
574
729
709
773
809
909
890
1000
1027
1054
1172
1101
1250
1205
1405
1438
1416
1495
1463
1604
1554
1711
1617
1732
1633
1692
1738
1617
1776
1636
1606
1626
1617
1690
1586
1551
1546
1571
1454
1421
1358
1210
1331
1150
1179
1123
1065
1002
991
934
843
874
718
738
666
633
583
491
504
489
487
408
357
338
323
335
259
281
240
259
230
203
184
203
179
177
173
136
166
126
139
119
131
119
101
121
97
103
106
91
88
87
85
96
69
81
63
71
52
50
57
53
55
55
42
42
44
32
29
38
23
29
17
12
22
13
13
13
11
11
10
10
10
10
13
8
9
9
7
5
8
4
3
4
7
4
3
0
2
5
1
3
2
5
8
2
3
3
6
9
7
5
2
5
6
14
4
8
6
8
8
9
6
11
8
3
10
12
7
5
13
7
12
13
12
25
19
19
15
21
19
23
19
27
21
36
29
48
44
42
39
43
49
66
46
78
63
66
64
81
79
101
105
102
102
119
105
137
128
118
133
136
147
165
128
144
161
167
157
148
157
170
158
180
157
126
176
174
158
140
145
138
133
146
138
151
132
131
100
96
108
109
108
100
81
92
67
69
74
63
64
46
43
36
41
36
28
29
46
25
25
27
28
19
15
15
16
10
13
15
11
14
7
7
6
3
5
3
4
3
6
3
3
2
4
0
2
0
0
1
0
1
2
0
1
0
0
0
1
1
0
0
1
0
0
1
0
1
1
0
0
0
0
0
0
0
1
0
0
0
0
0
2
2
0
0
0
0
1
0
0
1
0
1
0
0
0
0
0
1
0
0
2
0
2
1
1
0
1
0
0
0
0
0
0
0
0
2
2
1
1
1
0
0
0
0
0
0
0
0
2
0
0
1
0
0
1
0
0
0
0
1
1
1
1
0
0
1
1
1
1
1
1
0
0
0
2
0
0
0
2
2
1
0
0
1
0
0
0
0
0
2
0
0
1
1
0
0
0
0
1
1
0
0
0
1
0
0
1
1
0
0
0
2
0
0
0
1
1
2
1
0
1
2
0
0
0
0
0
2
2
0
0
3
0
1
0
1
1
0
0
0
0
1
0
1
0
1
0
0
0
1
0
0
0
0
0
0
0
1
0
0
0
0
0
0
0
0
1
0
0
0
1
0
0
1
0
0
0
0
1
0
0
0
0
0
0
1
0
1
1
0
2
1
0
1
0
0
0
0
0
1
1
0
0
0
1
0
2
0
0
0
1
2
1
0
0
0
1
0
0
1
1
2
0
1
0
3
1
1
1
0
1
0
0
2
1
0
0
0
0
0
0
0
1
0
0
0
0
1
0
1
0
0
0
0
2
0
0
1
3
1
0
0
2
0
0
1
1
0
1
0
0
1
1
0
0
0
0
1
0
1
2
1
0
0
1
0
2
1
0
0
0
0
1
0
2
0
0
0
0
1
0
1
1
0
0
0
0
2
2
0
0
0
0
0
0
1
0
0
0
0
0
0
2
2
0
0
0
2
0
0
0
2
1
1
1
2
0
0
1
0
1
0
0
0
0
1
2
4
0
0
0
1
1
1
0
0
0
1
0
0
0
0
0
0
0
0
1
1
2
0
1
0
0
2
1
2
0
0
0
1
0
0
1
2
1
0
0
0
1
0
1
0
1
0
0
1
0
1
0
0
0
0
0
0
1
0
0
0
0
2
0
1
0
0
1
1
0
0
0
0
0
1
0
0
0
0
2
1
1
0
1
0
0
0
1
0
0
0
0
0
1
0
0
1
0
0
0
0
1
0
0
0
0
1
1
0
0
0
0
1
0
0
0
0
2
0
1
0
0
0
0
0
1
0
2
1
0
0
0
1
1
2
0
0
0
1
0
1
1
2
0
0
0
2
0
0
1
0
1
1
0
0
0
0
1
0
2
0
4
0
0
0
1
0
2
0
1
0
1
2
0
2
1
1
0
0
0
1
1
1
1
2
0
1
0
0
2
1
3
0
1
2
0
0
3
0
0
1
0
1
1
0
0
2
0
1
1
0
1
0
0
0
0
2
1
0
0
1
1
1
0
1
0
1
0
2
2
2
1
0
1
0
0
0
1
2
0
0
1
1
1
0
1
3
1
2
0
0
1
1
0
1
2
0
1
0
1
0
0
1
0
2
0
0
0
0
1
2
1
1
0
0
0
2
3
1
1
0
0
1
0
0
1
2
2
0
1
0
1
0
1
1
0
0
0
2
0
1
0
0
3
1
0
0
1
0
1
1
0
0
0
0
0
1
0
0
1
0
1
0
0
1
0
1
1
0
2
0
2
0
0
0
0
0
0
0
0
0
0
2
0
0
1
0
0
1
0
0
0
1
0
0
0
0
1
2
1
0
1
2
0
0
0
0
0
1
1
1
2
0
1
1
0
0
0
1
1
2
1
2
0
0
1
0
0
0
0
2
0
0
0
1
1
0
0
0
0
0
0
1
1
1
2
0
1
1
1
0
1
0
0
0
0
1
0
0
2
1
3
1
0
1
3
0
0
0
2
3
0
0
0
1
0
0
0
2
0
0
0
0
1
0
0
0
0
0
0
0
0
0
0
1
1
0
0
0
0
0
0
0
0
0
2
0
2
1
1
0
2
1
2
0
2
0
2
0
1
1
0
1
1
0
1
0
0
0
1
0
0
1
0
1
1
0
0
0
1
2
0
0
2
1
0
1
1
0
2
0
1
1
0
0
0
1
2
0
0
1
0
0
0
1
0
0
1
0
1
0
1
0
1
1
0
0
1
0
0
0
0
1
1
0
1
1
1
1
1
1
0
0
1
1
1
1
0
0
0
1
0
2
1
0
0
0
0
2
0
0
0
1
0
0
0
0
0
2
1
0
0
0
2
0
0
0
1
0
0
0
2
0
0
0
1
0
0
0
1
0
0
0
0
0
0
0
0
0
1
1
0
0
1
1
0
2
0
0
4
2
0
0
0
1
0
0
0
1
2
0
1
0
1
0
1
1
1
1
0
0
1
0
2
0
0
0
1
0
1
2
1
2
4
0
1
0
0
0
3
0
0
0
1
3
1
0
1
0
1
0
0
1
0
0
2
1
0
0
0
0
0
0
2
0
0
2
0
2
1
0
2
0
0
0
1
0
0
0
0
2
0
0
3
0
0
0
0
1
0
1
0
1
2
1
0
0
0
3
1
1
0
2
2
0
2
0
0
0
0
1
0
0
0
1
1
0
0
1
0
0
0
2
1
2
2
0
0
1
2
1
2
2
0
0
0
1
2
2
3
1
1
0
0
1
1
0
2
0
2
3
2
0
2
1
0
1
1
1
1
2
0
0
1
1
0
1
0
0
1
0
1
2
3
1
1
0
1
2
0
0
1
1
1
0
0
1
0
1
1
0
1
0
0
2
2
0
1
1
0
0
1
0
1
1
2
1
1
0
1
0
2
0
1
0
1
0
0
0
0
2
2
0
0
2
0
1
1
1
1
1
0
1
1
1
1
0
0
0
1
1
0
1
1
1
1
0
0
1
1
1
1
3
0
2
2
2
1
2
1
3
2
1
1
1
2
2
2
2
4
3
2
3
1
1
4
2
3
4
1
4
4
5
3
6
5
3
4
7
3
4
5
6
1
5
3
5
4
4
5
3
6
5
5
7
10
1
5
6
8
3
3
5
4
4
2
2
5
5
2
3
1
4
3
7
2
6
4
4
3
2
3
2
5
1
3
2
1
2
0
4
1
1
3
1
1
1
2
1
0
2
1
1
3
2
1
1
0
2
1
2
1
3
0
1
0
0
1
3
2
1
0
2
1
0
2
1
1
2
2
2
3
0
10
7
3
4
8
7
9
3
2
3
3
4
11
4
6
10
8
9
15
8
10
11
12
10
12
15
14
16
13
14
15
27
14
19
20
20
20
20
29
19
22
24
27
29
20
20
25
25
20
17
21
20
27
20
27
20
25
25
18
24
29
33
24
23
24
20
21
19
21
19
17
17
12
22
14
13
14
15
9
24
13
16
13
10
8
7
9
6
6
9
7
9
9
2
6
3
6
8
5
2
5
5
8
4
7
1
4
4
4
2
3
3
1
4
8
5
6
3
4
4
4
2
6
3
4
4
9
6
3
5
4
6
6
9
8
5
4
13
8
7
8
4
11
9
11
9
10
17
18
23
10
17
14
16
23
22
17
20
22
31
25
23
31
17
21
33
23
20
28
30
30
23
40
32
33
25
30
28
33
30
30
31
34
25
31
30
25
27
26
23
31
34
23
20
29
23
28
36
26
30
27
23
21
17
26
23
15
18
16
23
16
13
19
18
15
13
15
20
13
9
15
12
15
8
9
12
8
9
10
7
11
9
10
6
7
8
9
6
10
3
7
8
10
5
4
2
8
4
7
9
9
5
4
3
5
2
4
7
5
2
6
7
3
2
4
4
3
2
3
1
1
6
1
1
2
4
3
6
2
4
2
4
2
1
2
3
1
0
0
0
0
2
1
2
2
0
0
2
0
0
1
1
2
2
1
0
1
0
1
1
1
2
0
1
1
1
2
2
2
2
1
0
0
0
0
1
1
1
2
1
2
1
2
2
0
1
1
3
1
4
4
2
5
8
4
4
4
3
2
3
5
4
4
7
7
6
0
6
7
5
4
9
4
4
9
8
5
6
7
2
10
8
2
6
5
3
4
9
6
3
9
5
5
5
5
12
2
6
9
5
3
7
5
1
2
6
2
2
3
5
4
3
1
4
4
2
2
5
4
0
0
0
2
2
0
3
1
3
3
2
1
2
0
0
1
2
0
2
1
1
2
0
2
1
3
3
1
1
1
0
1
1
2
2
0
0
0
0
0
2
1
0
0
2
0
0
5
0
0
0
0
1
1
1
0
0
1
2
2
0
0
0
0
1
0
1
1
0
1
0
0
0
0
1
0
1
0
0
2
1
1
0
0
0
1
0
0
0
0
0
0
0
0
0
0
2
0
1
0
0
2
1
1
1
0
1
1
1
0
0
0
1
0
2
0
1
0
0
0
0
0
2
0
1
0
0
2
1
0
3
1
0
0
1
0
0
1
0
0
0
0
0
2
0
1
1
1
0
1
2
0
0
1
0
0
0
1
0
0
1
1
1
0
1
0
0
1
0
0
0
1
2
2
0
0
2
1
0
0
1
1
0
0
0
0
2
1
0
2
0
0
1
0
0
0
1
1
2
2
0
0
0
0
0
1
0
1
0
1
1
1
0
1
0
0
0
0
0
1
1
1
0
0
1
0
0
1
0
2
1
0
0
0
0
0
0
0
0
1
0
0
0
0
2
0
0
1
0
0
0
1
1
1
1
0
2
0
1
0
0
0
0
0
0
0
1
0
0
0
0
0
1
0
0
0
0
1
0
0
1
0
0
0
0
0
1
0
0
0
1
0
0
0
1
1
0
2
0
0
0
1
0
1
1
0
0
1
1
0
1
0
1
1
0
0
0
0
0
0
1
0
1
0
0
3
0
0
0
1
0
1
0
0
0
0
2
0
1
0
0
0
0
0
0
1
1
1
2
0
2
0
0
0
0
0
0
0
1
1
0
1
0
1
0
2
0
0
1
0
0
0
0
0
0
0
0
1
0
0
1
0
0
0
0
0
0
2
1
1
0
1
0
0
1
1
0
1
0
1
1
0
0
1
0
0
1
0
1
0
0
1
0
0
0
0
0
1
1
0
0
0
0
1
0
1
1
0
0
0
0
0
1
0
1
0
0
1
0
1
0
0
0
0
0
0
0
0
1
0
1
0
0
1
0
0
1
0
0
0
0
2
0
1
1
0
2
0
0
1
0
1
0
1
0
2
0
0
0
1
0
0
0
1
1
1
0
0
0
0
0
0
0
0
0
1
0
0
0
1
0
0
0
0
0
0
0
2
0
1
0
0
1
0
0
0
0
0
0
1
0
1
0
0
0
0
0
0
0
1
0
1
0
0
3
1
0
0
2
1
1
1
0
0
0
0
0
0
0
0
1
1
1
0
0
1
0
0
0
0
0
1
0
0
1
0
1
0
1
1
2
1
1
0
0
2
0
0
1
0
1
0
1
0
0
0
0
0
1
1
0
2
0
0
0
0
0
0
0
0
1
0
0
0
1
1
1
1
1
0
0
0
1
0
0
0
0
2
0
0
0
1
1
0
0
3
0
0
0
0
1
1
0
0
0
0
0
0
0
0
0
0
2
0
0
1
0
0
0
0
1
0
0
1
0
0
0
0
0
0
2
2
0
1
1
0
0
0
0
1
0
1
0
1
1
0
0
1
0
0
2
1
0
0
0
0
0
0
0
1
0
1
1
1
1
0
0
0
0
0
1
0
0
0
0
0
0
0
3
0
0
0
1
0
1
0
1
0
0
0
0
0
0
0
0
2
0
0
1
1
0
1
0
0
2
0
0
0
0
0
0
0
1
0
5
1
1
0
2
2
0
0
1
2
0
1
0
0
0
2
1
1
0
0
2
1
0
2
0
0
0
4
2
0
0
1
1
1
0
0
0
0
0
1
0
1
2
0
0
0
1
1
1
1
0
0
1
1
0
0
3
1
1
0
1
0
3
1
0
0
0
1
2
1
0
1
1
0
1
1
0
1
0
4
0
1
2
0
1
0
0
1
0
1
3
2
1
0
2
2
0
0
0
1
2
1
0
1
2
1
0
2
0
0
0
4
1
1
2
1
2
1
1
0
0
1
0
0
1
0
0
0
0
0
1
4
0
1
1
0
1
2
1
1
0
1
0
0
0
0
1
1
1
0
0
0
0
0
1
0
0
0
1
0
2
1
0
1
2
1
1
1
1
0
0
1
0
1
0
1
0
1
0
0
0
0
0
0
0
0
0
0
2
1
1
0
0
0
0
0
0
1
1
0
0
1
0
0
1
0
0
1
0
1
0
0
0
2
1
0
0
0
1
0
0
0
0
0
0
0
0
1
1
0
2
1
0
0
0
0
0
1
0
0
0
3
0
1
1
1
0
0
2
2
0
1
1
0
0
0
1
2
0
1
0
0
0
0
0
0
0
0
0
0
1
0
0
0
0
0
0
0
0
0
1
1
0
0
0
0
0
0
0
0
2
1
0
1
0
0
1
2
0
0
0
0
0
0
1
0
0
2
0
0
0
0
0
2
1
1
1
1
0
0
1
0
1
0
0
0
0
1
3
3
0
0
0
0
0
0
0
0
0
1
0
0
0
1
1
1
0
1
0
0
0
3
0
0
3
1
0
3
3
0
1
0
0
1
4
2
0
1
0
1
1
0
0
2
2
2
0
2
2
2
1
0
2
2
3
0
0
1
4
1
1
3
1
1
4
2
3
3
3
1
0
0
1
0
3
0
1
0
1
1
1
1
5
1
0
1
1
3
0
1
1
0
3
0
1
0
2
2
2
1
1
1
1
2
1
1
0
2
0
1
1
0
0
1
0
1
0
1
0
0
1
0
2
0
0
1
0
0
1
0
2
0
0
1
0
0
0
0
0
1
0
0
1
0
2
0
0
0
0
2
0
2
0
0
0
0
1
0
0
0
0
0
1
0
0
0
0
0
0
1
0
1
0
0
1
0
0
1
0
0
2
1
0
1
0
1
0
1
0
0
0
0
0
0
0
1
0
0
0
0
1
0
0
0
1
0
0
0
0
0
2
0
0
0
0
1
2
0
2
1
0
0
0
0
1
1
0
0
1
0
0
0
0
0
0
1
2
0
0
1
1
1
0
0
1
1
1
1
0
0
0
0
1
0
2
2
0
2
2
1
1
0
1
0
1
2
1
0
1
1
1
0
0
0
1
1
0
1
0
1
1
0
0
2
1
0
0
0
2
0
0
0
0
0
1
0
0
0
0
1
0
0
0
0
1
0
0
0
0
0
1
0
0
1
0
1
2
0
0
0
0
0
1
1
0
2
0
0
1
0
0
0
1
0
2
0
0
1
0
0
0
1
1
0
1
0
0
1
0
0
0
0
0
0
1
0
0
0
1
0
2
0
1
0
1
0
0
1
2
1
0
2
0
0
1
0
1
1
1
0
0
1
1
2
1
0
2
0
0
0
2
0
1
1
1
1
1
2
0
1
2
0
1
2
1
0
1
0
0
2
0
2
2
0
0
1
0
2
0
0
0
1
0
0
1
0
2
0
0
0
1
2
1
1
0
0
1
0
0
0
0
0
2
0
1
0
0
1
0
0
0
0
0
0
0
1
1
1
1
1
0
0
0
0
0
0
1
0
2
0
0
1
0
2
0
0
1
0
0
0
1
0
0
1
1
0
0
1
1
1
1
0
0
0
0
0
0
0
1
2
1
1
1
1
0
0
0
0
1
0
0
0
0
0
0
0
0
0
1
0
0
0
0
2
0
0
1
0
0
0
1
1
0
0
1
0
0
1
1
0
0
0
0
0
1
0
0
1
0
0
0
0
0
0
1
0
0
1
0
0
2
1
0
1
1
0
0
0
1
1
0
0
0
0
1
1
0
0
0
0
3
0
0
0
0
0
1
0
1
0
0
0
0
1
0
0
0
1
1
1
0
1
0
0
1
0
0
0
1
0
0
1
0
0
0
0
1
0
0
0
0
1
0
0
0
1
0
0
0
1
0
1
0
1
0
0
0
0
1
1
0
0
0
0
0
1
0
0
0
0
2
1
0
0
1
0
1
0
0
0
0
0
1
0
0
1
1
0
0
1
0
0
0
0
0
0
0
1
0
1
1
0
0
0
0
1
2
1
1
0
0
2
0
1
0
0
1
0
1
0
0
1
2
1
0
0
0
2
1
0
0
1
1
1
0
0
0
1
3
1
0
2
1
0
0
1
0
0
1
1
1
0
0
0
0
0
0
0
0
1
1
0
0
1
1
0
0
0
1
0
1
0
0
0
0
0
0
0
1
1
0
0
1
0
0
2
1
0
0
1
0
0
0
0
0
0
0
1
0
0
1
1
1
0
2
0
2
0
0
0
0
1
0
0
0
0
0
0
0
0
0
1
0
0
0
1
1
0
0
1
0
0
0
0
0
0
0
0
1
0
0
1
0
0
0
2
0
0
0
0
1
0
1
0
0
0
0
0
0
0
0
0
0
0
0
0
0
1
0
1
0
1
2
0
0
0
0
0
0
0
0
0
0
2
0
0
1
0
0
0
1
1
0
0
0
1
0
0
0
0
0
0
0
0
0
0
1
0
0
0
0
0
0
0
0
0
1
0
0
1
1
1
0
0
0
0
0
1
0
1
0
0
0
0
0
1
0
0
0
1
1
0
1
0
1
0
0
0
1
0
0
1
0
0
0
2
0
1
0
1
0
0
0
0
0
0
0
1
0
0
0
0
0
0
0
0
0
1
0
0
1
1
1
0
0
0
1
0
1
0
1
0
0
0
0
0
0
0
0
0
1
0
0
1
0
0
0
0
0
0
0
0
0
0
1
1
0
0
0
1
0
0
0
0
0
0
0
0
0
2
0
0
0
0
1
0
1
2
0
1
0
0
0
0
0
0
1
0
0
0
0
0
0
0
0
1
0
0
0
0
1
0
0
0
1
1
0
1
0
0
1
0
1
0
0
0
0
0
0
0
1
2
0
0
0
0
1
0
1
1
0
0
0
0
0
0
0
0
0
1
0
0
0
0
0
0
0
0
0
0
0
0
1
0
0
0
0
0
0
0
0
0
0
0
0
0
1
0
0
0
1
1
2
0
0
0
0
0
0
0
0
0
0
0
0
0
0
0
0
0
1
1
0
0
0
0
0
0
0
0
0
0
0
0
0
0
0
0
0
0
0
0
0
0
0
0
1
0
0
0
0
1
0
0
0
0
0
0
0
0
0
1
0
0
0
0
0
0
0
0
0
0
0
0
0
0
1
0
0
0
0
0
2
2
0
0
0
1
0
0
0
0
0
0
0
0
1
0
0
0
0
0
0
1
0
0
0
0
0
0
0
0
0
0
0
0
1
0
1
0
1
0
0
0
0
1
1
0
0
0
0
0
0
0
0
0
0
0
0
0
1
0
1
0
2
0
0
0
0
1
0
0
1
0
0
0
0
0
0
0
0
0
0
0
0
0
0
1
0
0
1
0
0
0
0
0
0
0
0
1
0
1
0
0
1
0
0
0
1
0
0
1
1
0
0
2
0
0
2
0
0
1
0
1
0
0
0
1
0
0
0
1
0
1
1
0
0
0
0
0
0
0
0
0
0
1
0
0
0
0
0
0
0
1
0
0
0
0
0
0
0
1
0
0
0
1
0
0
0
0
1
0
1
0
0
1
0
0
0
1
0
0
0
0
0
1
1
0
0
0
0
0
0
0
0
0
0
0
0
0
1
0
0
1
0
0
0
0
0
0
0
0
0
0
0
0
0
0
0
1
0
0
0
0
0
0
0
1
1
0
0
1
0
0
0
0
0
0
0
1
0
0
0
0
0
0
0
1
0
0
0
0
0
0
0
1
0
0
0
0
0
1
0
0
0
0
0
0
0
0
0
0
0
0
0
0
0
0
0
0
0
0
1
0
0
0
1
0
0
0
0
1
0
0
0
0
0
0
0
0
0
0
0
1
0
1
0
0
0
0
1
0
0
0
0
0
0
1
1
0
0
1
0
1
0
0
1
0
0
0
0
0
0
0
0
0
0
0
1
0
0
1
0
1
0
0
0
0
0
1
0
0
0
0
0
0
0
2
0
0
1
1
0
0
0
0
0
0
0
0
0
0
0
0
0
0
0
0
0
0
1
1
1
1
0
0
2
1
1
0
0
0
0
0
0
0
0
0
0
0
0
1
0
0
1
0
0
0
0
0
2
0
0
1
0
0
0
1
0
0
0
0
1
0
0
0
0
0
0
1
0
0
0
0
0
1
0
1
0
0
0
0
0
0
1
0
0
1
1
0
0
0
0
0
1
0
1
0
0
0
0
0
0
0
0
0
0
1
0
0
0
0
0
1
1
0
0
0
0
1
0
0
1
0
1
0
0
0
0
1
0
0
1
0
1
0
0
0
0
0
0
1
0
0
0
0
1
0
0
0
0
0
1
0
1
0
0
0
0
0
0
0
0
0
0
0
1
1
0
0
0
0
0
0
0
0
0
1
0
0
0
0
0
1
0
1
1
0
1
0
0
1
0
0
0
0
0
0
0
0
0
0
1
0
1
0
0
1
0
0
0
1
0
0
0
0
1
1
0
1
0
0
0
0
0
0
0
0
2
0
0
0
0
0
0
0
0
0
1
0
0
0
0
0
0
0
1
0
1
1
0
0
0
0
0
0
0
0
0
0
0
1
0
0
0
0
0
1
1
0
0
0
0
0
0
0
1
1
0
0
0
1
0
0
0
0
0
0
0
1
0
0
0
0
0
1
0
0
1
0
0
0
0
0
1
0
0
0
0
0
0
0
0
0
0
0
0
1
1
0
0
1
0
0
0
1
0
0
0
0
0
0
0
0
2
0
0
0
0
0
0
0
0
0
1
1
0
0
0
0
0
0
0
0
0
1
0
1
1
0
0
0
0
0
0
0
0
0
0
0
0
0
1
0
0
0
0
1
0
0
0
0
0
0
0
0
0
0
0
0
0
0
1
0
0
0
0
0
0
1
1
1
0
1
0
0
0
1
0
1
0
0
0
0
2
0
0
0
0
0
0
0
1
0
0
0
0
0
0
0
2
0
0
0
0
0
0
0
0
0
0
0
1
0
0
1
0
0
0
0
0
0
1
0
0
0
0
1
0
0
0
0
0
0
0
0
0
1
1
0
0
0
0
0
0
0
0
1
0
0
0
0
0
0
0
0
0
0
1
1
0
0
0
0
0
1
0
0
0
0
1
0
0
0
0
0
0
1
0
0
0
0
0
0
0
0
0
0
0
0
1
0
1
1
0
0
0
0
1
0
0
0
0
0
0
0
0
0
0
1
0
0
0
0
0
0
0
1
0
0
0
0
0
0
0
0
0
0
0
0
1
1
0
0
0
0
0
0
0
0
0
0
1
1
0
0
0
0
0
0
0
0
0
0
0
0
0
1
0
1
0
0
0
0
0
0
0
1
0
0
0
0
0
0
1
0
0
1
0
0
0
0
0
1
0
1
0
0
0
0
0
0
1
0
0
0
0
0
0
0
1
0
0
0
0
0
0
0
1
1
2
0
0
0
0
0
0
0
0
0
0
1
0
1
0
0
0
0
0
0
0
0
1
0
0
0
0
1
1
0
0
1
0
0
0
0
0
0
0
0
0
0
0
0
0
0
0
0
0
0
0
0
0
0
0
0
0
0
0
0
0
0
0
1
0
0
1
0
0
0
0
1
0
1
0
1
0
0
0
0
0
0
0
0
0
0
1
0
0
0
0
0
0
1
1
0
0
0
0
0
0
0
0
0
0
0
0
0
0
0
0
0
0
0
0
0
0
0
0
0
0
0
0
0
0
0
1
0
0
0
0
0
0
0
1
0
0
0
0
0
1
0
0
0
0
0
0
0
0
0
0
0
0
0
0
0
0
0
1
0
0
0
0
0
1
0
1
0
0
0
0
0
0
1
0
0
0
0
1
0
1
0
0
0
0
1
0
0
0
0
0
1
1
0
0
0
0
0
0
0
0
1
0
0
0
0
0
0
0
0
0
0
0
0
0
0
0
0
0
0
0
0
0
0
0
1
0
0
0
0
0
0
0
1
0
0
0
0
0
0
0
0
1
0
0
0
0
0
0
0
0
0
0
0
0
0
1
0
0
0
1
0
1
0
0
0
0
1
0
0
0
0
0
1
0
0
0
0
1
0
1
0
0
0
0
0
1
0
0
1
0
0
0
0
0
0
0
0
0
0
0
0
1
0
0
0
0
0
0
0
0
0
1
1
0
0
0
0
0
0
0
0
0
0
0
1
0
0
0
1
0
0
0
0
0
0
0
1
0
0
0
0
0
0
0
0
0
0
0
1
0
0
0
0
0
0
0
1
0
0
0
0
0
0
1
1
0
0
0
0
0
0
0
0
0
0
0
0
0
0
0
0
0
0
1
0
0
0
0
0
0
0
0
0
0
0
1
0
1
0
0
1
1
0
0
0
0
0
0
0
0
0
0
0
0
0
0
0
0
0
0
0
0
0
1
0
0
0
0
0
0
0
0
0
0
0
0
0
0
0
0
0
0
0
0
0
0
0
0
0
0
0
0
0
0
0
0
0
0
0
0
0
0
0
0
0
0
0
0
0
0
0
0
0
0
0
0
0
0
0
0
0
0
0
0
0
0
0
0
0
1
0
1
0
0
0
0
0
0
0
0
0
0
0
0
1
0
0
0
1
0
0
0
0
1
0
0
0
0
1
0
0
0
0
0
0
0
0
0
0
1
0
0
0
0
0
0
0
0
0
0
0
0
0
0
0
0
0
0
0
0
0
0
1
0
0
0
0
0
0
0
0
0
0
0
0
0
0
0
0
0
0
0
0
0
0
0
0
0
0
0
0
0
0
0
0
0
0
0
0
0
0
0
1
0
0
0
0
0
1
0
0
0
1
0
0
0
0
0
0
0
0
0
1
0
0
0
0
0
0
0
0
0
0
0
0
0
0
0
1
0
0
0
0
1
0
0
0
1
0
0
0
0
0
0
0
0
0
0
0
0
0
0
0
0
0
0
0
0
0
0
0
1
0
1
1
0
0
0
0
0
0
1
0
0
0
0
0
0
0
0
0
1
0
0
0
0
0
0
0
0
0
0
1
0
0
0
0
0
0
0
0
0
0
0
0
0
0
0
0
0
0
0
0
0
0
0
0
0
0
0
0
0
0
0
0
0
0
0
0
0
0
0
0
0
0
0
0
0
0
0
0
0
0
0
0
0
0
1
0
1
0
0
0
0
0
0
0
0
0
1
0
0
0
0
0
0
0
0
0
0
0
0
0
0
0
0
0
0
0
0
0
0
0
0
0
0
0
0
0
0
0
0
0
0
0
0
0
0
0
0
0
0
0
0
0
0
0
0
0
0
0
0
0
0
0
0
0
0
0
0
0
0
0
0
0
1
0
0
0
0
0
0
0
0
0
0
1
1
0
0
0
0
0
0
0
0
0
0
0
0
0
0
0
0
0
0
0
0
0
0
0
0
0
0
0
0
0
0
0
0
0
0
0
0
0
0
0
0
1
0
0
0
0
0
0
0
0
0
0
0
0
0
0
1
0
0
0
0
0
0
0
0
0
0
0
0
0
0
0
0
0
0
0
0
0
0
0
0
0
0
0
0
0
0
0
0
0
0
0
0
0
0
0
0
0
0
0
0
0
0
0
0
0
0
0
0
0
0
0
0
0
0
0
0
0
0
0
0
0
0
0
0
0
0
0
0
0
0
0
0
0
0
0
0
0
0
0
0
0
1
0
0
0
1
0
0
0
0
0
0
0
0
0
0
0
0
0
0
0
0
0
0
0
0
0
0
0
0
0
0
0
0
0
0
0
0
0
0
0
0
0
0
0
0
0
0
0
0
0
0
0
0
0
0
0
0
0
0
0
0
0
0
0
0
0
0
0
1
0
0
0
0
0
1
0
0
0
0
0
0
0
0
<<END>>
<<DP5 CONFIGURATION>>
RESC=?;    Reset Configuration
CLCK=20;    20MHz/80MHz
TPEA=32.000;    Peaking Time
GAIF=0.9727;    Fine Gain
GAIN=29.999;    Total Gain (Analog * Fine)
RESL=13107;    Detector Reset Lockout
TFLA=1.200;    Flat Top
TPFA=1600;    Fast Channel Peaking Time
PURE=ON;    PUR Interval On/Off
RTDE=OFF;    RTD On/Off
MCAS=NORM;    MCA Source
MCAC=8192;    MCA/MCS Channels
SOFF=OFF;    Set Spectrum Offset
AINP=NEG;    Analog Input Pos/Neg
INOF=DEF;    Input Offset
GAIA=12;    Analog Gain Index
CUSP=0;    Non-Trapezoidal Shaping
PDMD=NORM;    Peak Detect Mode (Min/Max)
THSL=4.492;    Slow Threshold
TLLD=OFF;    LLD Threshold
THFA=11.62;    Fast Threshold
DACO=OFF;    DAC Output
DACF=0;    DAC Offset
RTDS=0;    RTD Sensitivity
RTDT=0.00;    RTD Threshold
BLRM=1;    BLR Mode
BLRD=3;    BLR Down Correction
BLRU=0;    BLR Up Correction
GATE=OFF;    Gate Control
AUO1=ICR;    AUX_OUT Selection
PRET=60.0;    Preset Time
PRER=60.000;    Preset Real Time
PREC=OFF;    Preset Counts
PRCL=0;    Preset Counts Low Threshold
PRCH=0;    Preset Counts High Threshold
HVSE=180;    HV Set
TECS=225;    TEC Set
PAPS=ON;    Preamp 8.5/5 (N/A)
SCOE=RI;    Scope Trigger Edge
SCOT=87;    Scope Trigger Position
SCOG=1;    Digital Scope Gain
MCSL=0;    MCS Low Threshold
MCSH=0;    MCS High Threshold
MCST=0.00;    MCS Timebase
AUO2=ICR;    AUX_OUT2 Selection
TPMO=OFF;    Test Pulser On/Off
GPED=FA;    G.P. Counter Edge
GPIN=AUX1;    G.P. Counter Input
GPME=OFF;    G.P. Counter Uses MCA_EN?
GPGA=OFF;    G.P. Counter Uses GATE?
GPMC=OFF;    G.P. Counter Cleared With MCA Counters?
MCAE=OFF;    MCA/MCS Enable
BOOT=ON;    Turn Supplies On/Off At Power Up
<<DP5 CONFIGURATION END>>
<<DPP STATUS>>
Device Type: DP5
Serial Number: 13140
Firmware: 6.07  Build:  3
FPGA: 6.02
Fast Count: 798392
Slow Count: 135454
GP Count: 1
Accumulation Time: 35.336000
Real Time: 60.000000
Dead Time: 83.03%
HV Volt: 181V
TEC Temp: 227K
Board Temp: 41°C
<<DPP STATUS END>>
