<<PMCA SPECTRUM>>
TAG - live_data
DESCRIPTION - 
GAIN - 5
THRESHOLD - 0
LIVE_MODE - 0
PRESET_TIME - 0
LIVE_TIME - 35.139764
REAL_TIME - 54.966000
START_TIME - 03/07/2018 15:30:34
SERIAL_NUMBER - 0
<<CALIBRATION>>
LABEL - keV
809.65 3.66
810.98 3.66
1816.99 8.05
2012.04 8.9
2012.55 8.9
2393.16 10.55
2393.61 10.55
2862.68 12.612
2862.87 12.612
5717.27 25.27
5718.07 25.27
6460.66 28.48
6462.08 28.48
<<ROI>>
592 1088
5559 5887
6373 6553
<<DATA>>
0
0
0
0
0
0
0
0
0
0
0
0
0
0
0
0
0
0
0
0
0
0
0
0
0
0
0
0
0
0
0
0
0
0
0
0
0
0
0
0
0
0
0
0
0
0
0
0
0
0
0
0
0
0
0
0
0
0
0
0
0
0
0
0
0
0
0
0
0
0
0
0
0
0
0
0
0
0
0
0
0
0
0
0
0
0
0
0
0
0
0
0
0
0
0
0
0
0
0
0
0
0
0
0
0
0
0
0
0
0
0
0
0
0
0
0
0
0
0
0
0
0
0
0
0
0
0
0
0
0
0
0
0
0
0
0
0
0
0
0
0
0
0
0
0
0
0
0
0
0
0
0
0
0
0
0
0
0
0
0
0
0
0
0
0
0
0
0
0
0
0
0
0
0
0
0
0
0
0
0
0
0
0
0
0
0
0
0
0
0
0
0
0
0
0
0
0
0
0
0
0
0
0
0
0
0
0
0
0
0
0
0
0
0
0
0
0
0
0
0
0
0
0
0
0
0
0
0
0
0
0
0
0
0
0
0
0
0
0
0
0
0
0
0
0
0
0
0
0
0
0
0
0
0
0
0
0
0
0
0
0
0
0
0
0
0
0
0
0
0
0
0
0
0
0
0
0
0
0
0
0
0
0
0
0
0
0
0
0
0
0
0
0
0
0
0
0
0
0
0
0
0
0
0
0
0
0
0
0
0
0
0
0
0
0
0
0
0
0
0
0
0
0
0
0
0
0
0
0
0
0
0
0
0
0
0
0
0
0
0
0
0
0
0
0
0
0
0
0
0
0
0
0
0
0
0
0
0
0
0
0
0
0
0
0
0
0
0
0
1
3
1
4
3
3
1
2
0
6
3
5
8
7
12
5
11
11
10
13
19
10
20
11
7
15
17
22
17
15
18
8
22
16
21
17
17
16
22
14
11
8
13
11
11
14
9
18
6
10
8
13
8
4
9
2
3
8
5
9
4
3
6
1
2
7
5
6
7
6
5
3
8
4
5
4
5
5
4
4
7
7
8
6
5
3
7
5
8
3
4
7
5
17
4
3
9
7
4
5
4
5
6
5
6
4
8
2
2
2
2
1
5
5
2
6
6
2
1
1
3
2
6
5
1
2
0
5
3
6
1
2
2
3
1
3
1
5
5
2
4
1
3
4
4
3
1
4
4
4
4
8
1
4
5
8
5
1
9
4
2
3
5
4
6
2
1
3
4
4
5
3
4
2
2
3
5
3
3
6
5
2
4
10
3
5
3
6
7
4
1
4
3
4
1
2
2
3
6
4
5
2
7
5
1
5
3
7
4
4
2
7
3
9
5
4
14
11
5
9
10
6
8
6
4
11
8
10
11
9
7
10
13
8
12
11
10
5
12
8
7
11
13
11
13
8
5
11
10
9
4
4
9
1
9
8
6
5
3
5
2
3
1
5
4
6
7
4
5
7
4
6
6
6
11
4
8
21
12
11
13
19
14
11
22
12
16
29
23
34
39
34
39
40
49
48
42
43
49
53
51
78
56
60
75
76
67
78
83
79
66
82
65
70
69
71
53
56
62
52
65
75
50
57
46
45
41
38
38
41
33
31
33
30
22
28
22
11
19
19
15
27
23
20
26
26
26
24
28
21
23
23
31
25
36
28
21
20
29
29
23
25
21
24
22
24
16
13
19
22
13
22
26
17
20
16
15
20
12
22
10
16
15
17
12
14
14
9
9
11
9
15
20
12
10
10
13
10
12
13
16
10
10
12
10
12
12
11
13
15
10
11
13
8
12
7
7
15
11
15
9
10
9
12
1
16
10
15
13
9
13
15
11
10
19
8
13
7
18
21
22
20
42
31
22
37
35
42
36
58
60
61
65
73
83
107
105
122
113
134
133
183
154
180
196
208
205
213
213
200
214
215
272
220
245
253
236
250
206
197
231
225
192
167
185
178
195
162
153
124
119
95
83
103
77
76
65
62
54
53
49
46
30
32
20
20
17
24
16
21
16
14
20
7
10
12
15
12
14
11
12
16
17
15
15
13
15
17
25
30
22
18
20
22
27
31
31
35
35
36
31
41
30
44
33
37
38
34
37
50
48
36
40
45
38
36
40
36
40
31
39
30
36
39
28
27
30
22
28
33
27
21
23
26
22
28
29
20
22
27
27
22
26
17
21
20
26
25
16
21
12
25
13
28
30
35
26
18
20
18
32
24
24
22
22
25
23
17
17
23
19
26
18
25
16
21
18
19
15
17
16
13
14
17
16
9
13
8
9
13
13
12
17
6
8
13
5
11
14
11
7
11
11
22
18
23
17
13
29
25
22
28
15
25
22
33
18
25
36
30
35
33
30
45
51
30
53
56
63
49
66
61
90
95
92
80
91
113
111
108
122
124
126
139
137
140
132
177
143
162
158
172
167
155
143
156
157
146
155
161
156
138
160
139
134
150
144
152
150
156
156
176
178
200
208
174
189
220
218
214
266
254
282
289
279
344
316
321
337
341
349
338
355
339
386
340
357
346
386
368
349
340
308
332
306
286
259
259
258
212
225
222
200
189
173
172
166
143
137
158
140
131
133
134
130
151
138
121
136
143
152
137
133
139
131
126
132
173
148
181
145
140
165
137
153
140
148
155
152
167
125
141
124
147
141
155
150
134
141
142
154
149
157
147
176
206
206
206
210
247
240
251
245
309
263
319
314
320
334
304
333
376
393
405
359
418
375
390
356
414
385
393
355
377
376
356
358
330
360
329
305
288
300
313
253
261
247
259
237
224
224
190
204
179
198
176
129
163
143
145
140
137
114
136
108
111
119
100
99
105
99
81
78
90
88
84
90
79
67
90
95
83
86
64
92
64
74
62
80
70
79
84
71
82
77
103
83
90
98
87
106
90
115
121
112
127
131
119
119
153
127
161
136
144
136
131
138
144
140
155
154
146
142
159
128
130
128
137
131
137
136
115
140
107
139
119
151
133
120
122
114
107
139
117
107
116
97
86
104
100
98
92
100
107
107
95
93
104
104
100
103
99
93
96
75
93
105
87
110
92
107
89
87
73
84
85
93
96
81
86
86
72
81
75
81
61
64
81
58
59
70
71
64
68
72
63
68
64
67
87
67
69
79
67
80
86
57
76
59
71
84
77
76
83
84
105
76
71
80
56
64
75
71
40
73
60
53
57
62
42
53
38
49
71
42
44
40
34
45
46
50
46
62
56
48
59
52
58
66
72
67
81
87
110
112
127
144
170
187
228
221
273
259
317
374
364
398
435
483
482
567
544
595
635
685
678
789
823
775
825
932
921
959
939
988
976
963
976
1024
971
913
959
931
956
925
921
851
866
847
768
717
685
650
627
572
601
528
543
429
445
393
383
318
302
261
258
246
212
188
184
172
130
119
110
89
73
93
83
73
53
56
53
47
45
36
45
38
29
45
36
36
34
26
32
30
29
31
24
20
18
22
19
25
21
22
19
24
26
18
18
15
20
15
22
22
18
18
17
16
8
12
11
20
25
14
24
10
19
15
19
19
14
20
13
20
21
18
23
18
17
17
17
15
23
28
20
28
25
29
29
25
24
41
30
42
37
39
47
53
54
42
54
51
71
65
88
77
76
78
84
100
97
104
104
105
122
111
144
129
140
147
120
160
142
141
155
177
147
158
146
136
150
130
147
136
121
135
117
110
102
119
96
100
89
100
86
75
75
84
60
48
52
43
46
37
40
31
39
34
30
22
19
17
15
12
16
20
14
14
9
11
10
8
10
7
8
9
7
8
4
6
6
0
4
3
4
5
4
2
3
2
6
2
5
10
5
4
8
6
1
4
7
7
4
1
3
7
6
3
4
6
7
8
6
5
4
6
6
6
4
9
6
1
3
4
2
6
4
5
3
7
4
1
5
2
6
4
2
2
2
5
6
3
5
1
2
2
3
4
7
3
3
1
2
1
1
1
4
8
2
2
7
4
1
3
8
7
1
5
9
6
4
5
4
5
1
2
6
7
4
3
5
6
1
3
7
5
5
6
0
2
12
4
10
1
8
7
4
4
4
4
2
4
7
5
6
2
2
6
2
4
4
10
5
6
3
5
4
3
5
11
6
4
5
10
9
7
10
11
4
7
11
5
7
4
9
10
11
11
9
18
11
15
15
12
7
14
16
16
12
9
8
9
7
15
14
13
11
14
16
13
16
15
9
9
14
13
15
13
7
14
9
5
5
6
8
6
7
11
9
8
12
11
6
4
8
3
11
2
5
8
6
6
5
11
8
6
9
6
11
7
5
8
13
12
11
5
6
12
11
10
9
8
12
12
6
11
15
10
14
18
12
4
11
17
14
15
9
9
9
15
14
8
5
12
5
15
11
18
9
6
10
7
9
17
6
10
13
7
17
10
6
11
7
11
7
12
11
13
8
5
10
12
13
9
15
15
10
9
11
18
10
9
8
15
15
13
13
18
13
20
7
15
14
14
13
11
8
12
13
13
12
12
6
20
11
8
13
10
12
12
11
12
4
5
7
12
5
5
10
4
7
7
4
7
8
8
6
1
4
8
8
3
3
10
6
1
4
5
8
6
5
3
5
5
5
5
4
5
6
8
9
7
5
6
3
5
6
5
7
5
11
8
6
6
11
5
7
4
6
6
3
1
4
4
10
7
1
6
5
3
7
3
3
7
8
2
1
9
1
4
3
1
2
3
3
3
6
1
3
2
6
3
4
9
4
7
11
6
4
6
5
4
12
6
1
3
2
4
5
5
3
10
5
1
2
1
7
8
8
3
4
4
2
3
5
3
4
11
5
5
3
8
10
3
4
3
8
6
7
2
6
5
7
5
9
8
6
4
4
8
5
8
4
11
11
9
8
13
5
9
2
11
2
11
5
14
3
7
5
13
7
6
4
15
5
6
8
10
12
11
15
14
10
8
8
15
8
9
12
4
13
13
15
10
13
9
12
15
11
10
17
17
16
15
8
13
15
18
20
16
17
11
12
11
8
9
18
11
13
17
11
14
10
16
24
9
8
11
15
16
13
19
10
17
12
6
17
13
14
13
20
9
10
9
9
15
14
11
13
13
11
15
10
12
9
12
9
14
9
10
6
12
8
6
7
6
8
10
8
9
9
9
8
8
6
9
4
4
6
5
6
8
5
4
9
5
5
4
6
5
5
6
4
4
6
1
3
9
4
4
4
6
5
6
3
4
6
3
5
5
6
4
5
6
7
1
9
3
3
0
5
2
6
1
7
7
3
3
2
4
7
1
3
4
3
6
4
4
6
7
3
3
3
7
3
3
4
8
6
8
7
1
3
6
2
3
9
2
3
1
4
5
6
5
8
7
6
4
5
10
4
12
2
11
6
6
2
3
6
7
5
9
3
7
5
3
3
3
4
6
8
3
5
10
8
11
5
4
7
7
9
11
9
12
4
7
9
7
10
9
4
5
6
11
8
15
10
4
9
13
7
7
3
12
14
8
10
12
9
8
14
13
5
13
12
13
7
9
11
7
2
12
8
10
9
6
4
10
11
7
9
5
16
6
3
8
11
5
6
11
8
8
4
6
11
7
7
9
11
7
5
9
10
8
8
8
15
6
12
13
7
10
11
11
2
9
6
12
8
10
6
7
7
12
12
15
13
15
12
15
11
8
15
14
6
15
11
11
14
16
12
17
14
16
4
17
13
13
10
15
18
7
11
19
20
9
14
12
12
14
8
19
9
12
13
14
12
8
12
12
11
11
13
10
17
5
17
8
13
11
6
11
8
9
7
9
14
10
8
11
9
10
11
11
8
13
6
6
10
10
11
5
6
8
8
15
7
4
9
8
7
4
7
6
5
6
9
9
3
3
5
7
6
8
7
5
8
4
6
8
8
5
6
8
7
4
6
3
4
2
6
10
5
8
8
1
14
7
7
4
3
5
4
5
3
9
5
5
3
4
5
7
6
6
4
6
8
1
1
3
5
6
7
3
3
6
8
10
6
11
3
7
8
10
2
7
6
6
1
7
6
6
7
7
8
4
8
7
6
7
7
2
10
5
2
5
3
8
0
9
9
4
3
7
4
4
5
7
5
6
8
6
11
7
4
6
4
8
7
8
5
2
2
6
4
6
4
3
2
4
5
4
7
3
3
3
8
7
6
13
10
5
5
8
7
10
7
3
5
4
4
7
6
5
3
5
9
9
5
3
1
1
7
10
6
3
2
4
4
5
0
3
5
1
4
1
4
5
2
3
7
8
5
6
6
5
5
6
6
3
2
2
4
2
10
3
4
4
1
7
6
8
4
3
6
11
6
4
6
5
10
13
3
5
7
5
3
6
4
7
9
2
4
7
5
4
5
1
7
4
5
6
5
2
7
2
4
2
7
5
7
5
6
4
4
8
7
10
3
3
10
5
6
4
8
7
7
10
4
5
4
8
7
2
8
3
10
5
6
4
9
7
10
9
4
9
8
10
9
7
6
11
10
5
8
6
10
6
7
15
6
14
10
7
13
10
11
13
12
12
13
6
11
9
15
13
7
16
14
15
9
11
10
7
15
4
9
8
5
12
7
9
14
9
7
12
7
6
6
14
9
6
9
9
10
8
8
8
3
9
9
7
8
6
7
8
6
9
8
11
10
13
13
14
9
13
9
11
12
5
12
12
7
11
18
8
12
13
13
9
16
16
9
10
9
15
13
5
7
14
19
11
27
11
13
15
18
16
14
8
7
13
14
12
8
10
8
15
9
13
15
13
13
13
10
10
10
4
7
5
17
6
4
10
8
4
9
7
6
13
7
6
11
7
13
6
11
9
5
5
11
7
8
5
3
3
6
3
7
2
4
7
8
2
7
5
7
3
4
5
10
7
6
5
4
5
5
6
12
4
8
6
3
7
10
11
10
5
11
5
7
9
9
10
7
6
8
12
11
8
7
4
7
3
5
8
4
8
10
4
11
12
15
14
7
12
11
4
6
5
12
16
10
7
10
18
14
8
11
11
12
12
8
8
5
14
12
14
14
12
17
17
7
19
12
17
22
16
18
13
14
20
18
20
22
18
13
12
15
15
15
18
13
18
12
15
12
23
18
12
13
12
10
10
8
13
7
13
10
16
15
10
9
10
9
9
8
7
15
7
9
6
12
10
7
12
7
5
7
8
6
7
8
5
5
7
6
9
5
5
6
6
7
9
8
9
5
5
11
8
5
8
10
11
2
4
6
10
11
8
13
11
8
9
9
11
13
11
9
7
8
21
9
14
10
4
12
14
18
9
13
6
10
17
12
19
12
18
11
22
14
11
13
17
21
17
21
29
12
15
16
17
19
16
17
21
20
16
16
19
11
14
13
20
20
24
13
15
19
15
15
16
16
13
11
13
13
7
14
10
13
5
9
13
10
8
11
9
11
6
10
5
10
4
6
5
14
6
3
7
10
13
7
3
4
4
7
8
10
7
5
2
8
6
5
2
2
3
3
10
3
3
5
4
4
3
6
6
6
6
3
4
6
8
3
6
1
3
2
4
3
4
2
3
2
8
7
4
10
7
8
3
5
4
6
7
4
2
3
6
7
3
1
2
6
6
8
7
10
6
6
5
10
4
7
4
5
10
9
15
11
11
13
10
12
17
8
12
20
20
5
11
11
10
17
25
31
12
17
19
26
21
19
28
27
27
27
34
38
41
36
38
34
35
47
43
51
44
54
50
38
58
59
54
35
46
67
61
45
44
44
41
63
55
55
64
49
54
59
52
63
52
46
42
54
49
53
52
49
30
40
39
43
28
28
29
30
30
32
22
19
24
19
29
31
23
15
21
24
21
15
11
13
23
14
9
13
10
9
9
9
11
8
4
8
12
4
6
5
7
3
6
8
6
4
5
5
9
10
5
6
10
5
4
5
2
6
8
5
7
4
7
3
6
0
3
5
8
7
2
8
8
5
1
6
9
4
7
5
5
6
5
8
6
7
3
6
5
4
3
2
4
3
2
2
1
5
6
4
6
7
10
4
5
6
3
4
6
5
5
9
5
4
7
2
7
5
2
5
4
7
5
8
10
6
7
6
8
7
4
8
7
12
5
3
7
11
9
6
9
2
9
5
7
6
9
13
10
17
13
9
11
11
6
11
8
11
8
4
10
6
3
6
13
10
10
11
10
5
7
6
8
2
6
5
3
8
9
6
10
8
9
9
5
9
6
6
6
7
7
4
9
6
10
4
3
6
3
4
5
9
4
6
8
7
7
7
6
13
3
7
5
2
1
4
4
7
5
5
6
9
4
2
4
5
11
13
5
4
5
6
1
7
7
6
5
8
5
5
9
9
5
8
9
8
4
5
9
9
10
8
10
10
9
10
10
7
7
12
6
13
15
13
9
9
14
8
9
12
8
7
6
12
13
12
10
9
10
8
9
10
12
12
5
8
5
5
11
10
10
13
11
5
9
19
13
6
8
11
11
11
5
16
8
12
9
7
7
9
8
8
9
6
6
8
11
7
7
5
7
6
8
15
7
6
7
7
6
11
7
11
8
6
8
6
10
6
9
13
7
7
10
9
6
8
4
5
7
11
12
8
11
10
5
15
7
12
6
12
10
8
5
7
14
6
11
13
9
5
12
13
10
13
14
18
17
20
10
15
16
18
14
8
17
8
10
15
8
11
13
6
13
12
8
15
14
14
13
15
10
15
17
10
10
12
15
17
19
20
8
13
13
10
6
12
11
4
9
9
6
7
9
9
4
5
7
9
6
15
4
3
9
4
9
3
6
3
4
12
7
6
5
8
7
11
6
13
10
6
3
5
6
7
9
6
8
3
11
7
8
8
6
4
12
12
7
7
9
10
6
9
4
9
7
6
9
10
8
8
8
13
4
6
9
6
10
12
9
15
9
6
8
12
13
10
5
8
11
9
10
8
11
9
14
10
10
7
10
5
7
9
9
11
12
9
6
11
8
12
3
8
4
8
7
4
6
6
6
6
9
6
9
14
2
7
6
4
2
6
6
4
6
4
5
4
6
2
8
3
3
4
6
6
6
8
4
9
8
7
5
9
3
2
5
1
9
3
6
2
4
4
2
4
1
7
4
5
3
6
3
3
4
5
4
4
3
3
4
4
5
7
4
5
4
2
6
2
5
2
2
2
8
7
2
6
10
8
1
4
9
5
9
2
7
6
6
3
3
4
6
7
6
8
5
5
4
3
5
4
8
3
7
15
5
3
5
4
3
6
5
7
3
6
7
2
5
2
6
11
2
0
5
3
4
7
7
5
7
4
3
3
2
4
9
5
2
1
9
8
2
7
3
3
4
6
5
4
2
7
5
4
5
5
3
3
3
1
9
5
5
4
2
3
3
5
7
0
3
6
5
6
4
5
7
6
6
4
3
4
0
4
5
7
5
7
7
4
4
4
5
0
2
7
4
2
7
5
3
6
5
3
4
8
7
3
2
2
5
4
3
3
4
2
3
2
2
4
8
3
5
4
7
4
3
5
2
1
6
1
0
2
3
4
5
5
3
5
3
6
1
3
0
4
5
1
4
7
7
3
4
4
5
0
1
3
3
5
2
4
3
5
6
3
3
3
3
4
6
1
3
5
2
2
4
2
7
4
7
4
4
4
2
7
7
5
5
5
6
2
5
4
5
2
4
5
5
4
2
2
6
4
3
1
2
2
5
1
3
6
4
3
5
8
4
5
7
3
2
5
2
0
6
4
4
3
3
4
3
7
3
3
4
5
5
8
8
8
6
5
5
2
5
6
3
6
3
1
4
4
4
5
3
6
4
6
5
7
9
0
2
8
5
3
4
8
5
2
4
6
6
4
3
7
2
6
10
5
3
7
6
5
3
3
10
8
8
6
2
7
4
4
4
5
4
5
5
3
5
6
7
11
4
4
4
5
3
6
3
6
7
6
4
5
5
3
8
6
2
5
7
2
3
6
2
3
6
2
3
1
1
5
4
3
5
4
8
3
5
1
5
3
3
7
8
4
3
2
1
0
6
3
3
4
2
5
4
4
3
2
6
2
4
4
6
4
4
8
7
7
3
6
1
5
4
5
4
5
3
2
5
4
4
6
9
4
3
4
5
8
7
3
5
3
5
4
4
6
2
6
4
10
3
7
4
3
3
5
7
1
1
5
5
5
4
4
4
3
3
2
1
6
2
3
6
5
3
3
4
5
4
3
5
6
3
2
4
2
3
7
8
5
1
3
9
2
4
1
8
4
4
4
2
4
2
3
7
3
5
2
8
4
4
7
5
7
7
3
5
6
1
2
1
6
4
5
6
7
2
1
6
5
2
1
4
3
4
2
3
6
2
3
4
4
6
3
6
6
6
3
7
3
7
4
6
2
3
8
5
10
7
3
6
3
7
5
5
2
6
6
5
8
6
5
3
6
3
9
4
16
8
8
6
5
6
9
3
6
6
7
4
6
9
10
7
4
4
12
3
7
7
5
2
9
3
6
7
9
7
6
5
10
9
5
3
10
11
9
7
7
9
7
3
8
9
5
9
3
11
12
11
10
11
8
5
9
6
5
8
6
6
5
4
8
6
5
8
8
6
8
3
10
7
3
10
8
6
5
9
6
8
8
6
11
6
10
10
7
14
5
7
6
15
11
12
9
2
6
4
6
5
13
12
10
10
10
10
8
9
8
5
6
11
10
12
8
8
10
11
11
6
11
7
11
5
6
4
8
5
13
11
6
8
4
5
5
12
9
9
13
10
10
9
8
7
5
6
10
5
7
16
7
10
6
9
13
8
10
14
8
9
11
10
6
9
8
9
10
10
9
9
10
8
9
9
8
3
7
3
9
13
5
2
12
9
5
8
5
5
8
7
5
14
6
4
8
4
15
4
5
3
5
4
4
8
7
4
4
5
7
5
5
6
7
9
5
4
4
7
8
9
9
5
2
8
13
4
4
2
7
7
8
4
6
5
11
8
5
5
3
4
4
3
2
7
4
3
8
10
6
5
5
7
8
7
3
5
3
3
2
6
5
5
4
4
6
4
4
6
7
1
3
3
8
3
6
1
7
3
7
3
4
5
2
6
3
6
5
8
5
6
3
7
6
2
3
5
2
2
1
2
6
7
4
5
6
5
2
3
3
6
3
4
5
3
3
4
3
3
7
7
5
5
6
0
3
3
8
6
4
3
1
7
1
1
8
3
5
5
3
1
3
3
3
1
3
2
4
2
6
4
3
3
3
2
2
2
7
5
5
2
4
6
3
2
8
7
3
1
2
8
7
9
3
4
7
1
5
3
7
5
3
2
9
6
7
2
10
6
11
4
8
7
6
5
10
9
2
8
4
12
14
10
8
13
8
9
8
12
11
12
16
11
10
16
11
7
22
17
14
13
18
13
17
8
12
11
15
17
16
18
14
18
15
18
13
16
14
19
18
25
20
21
18
19
26
17
20
21
16
12
15
26
16
17
17
22
27
20
20
10
31
18
16
17
19
20
14
24
28
15
23
13
15
12
15
17
17
10
18
14
18
15
15
6
12
11
8
8
11
11
11
2
7
10
11
9
6
7
9
10
5
7
7
4
10
2
11
3
3
3
8
5
5
4
3
5
6
6
1
3
3
6
5
3
7
4
3
4
5
5
4
7
4
1
9
2
7
3
1
4
5
4
5
6
6
6
4
4
3
4
2
4
3
4
2
3
4
5
7
4
2
4
3
3
3
3
5
3
2
5
3
2
2
3
4
3
2
4
6
0
3
1
4
4
6
6
2
5
7
2
3
5
4
5
1
3
4
1
1
5
2
2
2
5
5
7
3
5
2
3
3
1
0
4
2
7
2
2
3
6
3
3
1
3
5
5
1
5
3
4
5
5
1
5
6
1
5
3
5
3
4
2
1
10
1
3
1
8
5
8
4
2
5
3
4
5
3
3
4
2
6
3
3
3
5
5
3
2
7
4
6
3
5
3
4
3
9
3
4
2
2
4
2
5
2
5
1
2
3
4
5
3
4
2
2
3
2
2
3
3
4
3
6
2
5
5
3
2
1
7
2
4
2
4
2
6
5
3
6
2
9
6
3
6
4
3
6
3
6
6
4
1
1
0
7
3
4
5
3
2
1
1
5
3
1
1
4
1
2
4
8
4
3
0
3
0
1
3
2
3
5
3
5
5
8
5
2
5
6
3
2
4
4
1
6
3
1
3
2
3
3
3
3
0
2
3
4
6
4
5
3
2
2
0
3
4
3
2
3
3
1
4
3
3
2
1
4
5
6
5
6
4
1
2
5
3
7
2
2
3
3
1
3
1
6
2
4
2
2
3
2
3
2
4
4
1
2
3
3
3
2
2
4
7
3
1
3
2
3
4
4
1
2
1
3
1
4
1
2
5
6
1
1
1
1
1
5
6
2
3
7
3
0
4
3
7
3
3
1
7
3
0
6
2
2
4
3
1
8
2
1
0
6
5
2
5
2
4
2
2
3
3
5
6
1
1
1
3
4
5
11
0
1
4
1
3
3
5
2
1
2
1
3
4
4
3
0
2
2
1
2
5
1
4
5
3
1
3
4
2
3
7
7
0
0
3
1
6
5
2
2
3
2
4
3
0
2
4
3
3
5
2
6
4
1
0
0
2
2
4
1
5
3
0
6
2
3
1
2
2
6
2
4
1
1
2
1
6
0
1
0
5
1
3
2
8
4
1
3
1
1
4
1
2
3
0
0
6
3
0
2
4
6
0
4
1
0
0
2
0
5
3
1
0
2
2
3
3
3
2
5
5
3
1
4
3
2
3
2
1
3
3
3
6
3
0
3
0
5
5
4
5
3
7
2
3
7
9
5
3
4
2
4
3
2
1
8
4
5
5
4
7
5
5
4
7
4
1
5
4
10
6
1
1
3
5
9
3
4
7
5
4
5
3
6
4
2
3
5
4
4
6
6
2
8
5
4
6
5
5
7
4
1
1
4
4
6
6
8
3
2
2
7
5
2
4
3
2
4
9
1
0
3
3
6
5
4
5
3
4
1
2
7
1
2
3
3
4
0
1
1
3
5
4
1
4
7
3
9
2
2
1
3
4
5
1
3
5
2
5
3
2
1
4
2
2
6
2
6
3
5
3
1
4
1
2
5
2
4
3
3
3
2
1
0
1
2
5
3
3
1
2
3
6
5
5
2
3
2
1
1
1
5
2
2
2
2
3
5
0
0
6
4
2
3
3
3
4
2
5
1
3
3
1
1
2
3
3
1
2
3
2
5
2
0
0
4
2
1
3
1
0
3
2
2
1
2
4
1
1
3
0
1
6
4
4
1
1
0
3
1
3
2
5
1
5
4
4
6
3
1
4
3
5
3
3
2
4
2
0
4
4
2
2
2
3
1
1
3
1
2
0
0
0
1
1
2
1
0
1
2
2
1
2
2
2
2
3
3
3
4
0
2
1
2
4
0
3
1
0
2
2
2
3
2
5
0
1
3
3
3
2
1
2
3
2
5
5
0
4
0
3
3
1
1
1
1
2
4
1
4
3
2
2
6
3
3
1
5
3
2
1
1
2
3
0
4
0
3
0
3
1
1
2
4
7
3
1
3
2
4
0
2
5
5
3
2
3
1
2
1
2
2
2
1
3
3
3
1
4
2
1
1
0
3
4
2
1
0
1
1
2
1
2
2
2
3
0
3
2
2
1
1
3
2
2
2
1
4
4
2
2
2
3
7
1
3
3
3
2
1
2
2
2
2
2
2
1
2
1
2
3
4
4
2
0
1
2
1
5
1
2
2
2
4
0
1
4
2
5
0
4
6
0
2
5
0
0
1
2
1
2
3
1
2
0
3
2
5
3
1
1
1
2
2
1
2
3
0
3
1
1
3
1
1
5
2
3
1
1
3
1
6
5
4
1
2
1
1
2
1
5
2
1
3
1
2
3
2
2
2
1
3
4
0
1
2
2
4
3
1
3
2
2
2
2
2
0
2
1
2
1
0
3
3
5
1
1
3
1
3
1
2
3
4
3
3
3
2
1
1
2
4
2
1
2
1
3
0
2
0
0
3
4
5
7
3
3
3
3
1
1
0
1
1
3
2
3
2
4
2
6
5
3
1
1
6
4
5
2
1
1
2
0
4
0
2
2
2
2
0
4
1
1
2
4
2
2
3
1
1
1
2
3
1
1
1
2
5
0
0
2
1
2
3
4
3
2
1
2
2
5
2
3
1
2
3
2
4
2
3
2
2
1
4
1
4
0
3
2
3
2
2
2
3
6
1
1
1
4
1
2
2
4
1
1
1
2
2
2
2
5
2
2
1
1
0
2
2
1
1
4
2
2
2
2
2
3
3
1
3
2
2
4
2
2
4
2
7
1
2
1
5
2
2
3
4
3
1
0
2
2
3
2
1
0
1
1
1
6
2
4
0
2
1
1
4
2
2
4
2
3
2
2
0
1
4
0
0
7
5
1
3
7
2
2
1
1
5
3
3
2
1
5
2
4
2
1
6
2
2
1
1
1
3
1
0
3
3
2
2
3
1
4
1
2
2
0
4
5
1
2
3
2
0
1
2
0
2
2
0
2
0
2
2
1
1
1
1
0
4
1
2
1
1
2
0
4
3
1
2
0
5
2
4
4
4
1
1
7
2
2
1
1
0
3
3
2
5
2
2
2
2
1
2
2
3
4
0
1
3
1
1
2
2
2
0
4
2
1
1
5
2
3
2
1
1
3
4
1
1
2
4
1
3
2
1
2
1
1
2
4
3
3
2
1
2
4
3
0
1
3
3
2
1
3
1
2
4
3
3
0
0
1
3
5
2
2
1
1
2
2
4
3
0
1
4
1
1
5
0
1
3
2
1
2
4
1
2
2
4
2
0
1
3
2
3
0
1
2
2
2
2
2
2
1
2
2
2
2
0
5
2
2
2
3
2
2
4
0
3
0
1
3
4
0
1
1
2
3
5
0
2
3
4
1
1
2
1
4
5
3
0
1
1
1
3
3
2
2
0
4
3
2
0
1
0
2
2
2
3
2
2
2
3
0
2
4
1
2
3
4
1
1
2
0
4
2
3
3
1
1
2
2
1
4
2
6
2
3
3
3
2
0
3
1
2
2
0
3
2
1
3
2
0
1
2
1
1
0
2
4
1
0
1
1
3
2
2
2
3
2
3
1
1
3
3
2
3
2
2
2
2
0
1
1
0
1
3
2
1
6
1
1
1
2
1
2
1
0
5
3
5
1
1
0
0
2
4
1
1
0
0
2
1
1
1
3
2
4
1
2
0
2
3
1
0
1
2
4
3
4
0
3
2
4
0
3
1
1
3
4
3
4
0
1
2
0
0
3
1
1
1
2
0
6
1
4
0
3
3
2
3
1
2
2
1
2
0
1
1
2
0
2
1
1
1
2
0
1
5
1
2
1
1
1
2
1
2
2
1
4
1
0
0
0
1
3
0
2
1
1
2
2
4
4
1
1
3
2
2
1
3
1
2
2
1
0
0
1
1
3
2
2
1
1
1
3
4
2
3
0
3
1
1
2
3
1
1
0
2
2
1
1
2
4
3
1
2
2
0
1
1
1
0
3
3
3
2
3
1
0
1
0
4
1
0
1
2
1
1
0
2
0
1
1
1
2
3
1
0
0
0
2
3
4
0
0
0
1
0
1
2
3
1
0
1
4
2
2
1
0
2
1
1
1
2
1
0
0
2
1
0
2
0
1
2
1
4
3
2
1
0
2
1
2
2
3
0
1
1
1
1
0
2
2
4
2
4
2
2
3
2
1
2
0
0
4
0
1
4
3
1
0
3
0
2
4
1
3
3
1
0
1
2
0
0
2
2
1
1
1
0
1
2
2
0
0
1
0
0
2
1
2
3
0
0
2
0
1
1
0
1
1
2
0
2
0
1
0
2
1
2
2
2
1
1
0
0
1
3
1
1
2
2
4
1
3
0
0
3
0
2
1
1
3
0
3
0
1
1
2
1
2
2
1
0
1
1
1
1
2
2
1
0
0
1
0
0
3
0
2
1
2
1
2
2
2
0
1
4
1
0
0
2
2
1
1
2
4
1
1
0
5
0
1
2
1
1
1
3
1
1
0
3
1
1
0
4
2
1
2
2
1
3
1
0
1
0
3
0
4
1
1
3
2
0
2
3
2
1
0
3
0
4
3
1
2
0
3
2
3
3
0
1
1
3
0
3
4
0
1
0
1
0
4
1
0
1
1
3
4
2
0
2
0
2
1
2
0
3
0
2
3
1
2
1
4
0
0
1
1
1
2
0
0
2
3
1
1
3
0
0
0
2
1
1
3
0
2
1
3
0
0
0
5
2
2
1
0
0
2
1
1
3
1
3
2
3
0
1
0
1
0
1
2
2
4
1
2
1
3
2
0
0
1
1
1
4
0
0
1
3
4
0
1
2
1
2
1
3
1
2
3
2
2
1
2
0
1
2
2
0
0
1
0
0
2
0
0
0
2
0
1
2
2
1
0
1
3
1
2
2
1
0
4
0
2
3
0
1
1
1
2
1
2
2
2
1
3
4
1
4
1
0
1
2
0
2
3
0
1
2
0
1
2
1
3
0
0
1
1
4
1
5
0
3
2
0
4
2
1
0
1
0
2
0
1
0
1
1
2
1
2
3
0
2
5
2
2
1
1
1
0
1
2
1
1
1
0
1
1
0
0
0
0
0
0
2
0
3
1
0
1
1
2
3
0
1
2
2
3
1
2
1
0
3
2
0
1
0
1
1
1
2
1
1
2
0
0
0
0
0
0
0
1
1
0
2
1
1
3
0
2
2
2
2
1
0
4
3
2
3
1
1
2
0
0
1
1
1
1
3
1
2
1
2
0
1
0
1
1
1
0
1
1
1
0
0
1
1
1
0
1
0
2
2
0
2
0
1
0
0
2
1
0
0
3
0
2
0
1
1
1
0
1
1
2
1
3
2
2
2
1
1
0
0
1
0
1
0
0
4
0
3
1
2
0
1
2
3
2
0
1
2
0
2
0
1
1
3
1
1
2
1
2
2
2
2
1
0
0
3
0
0
3
2
3
3
2
2
1
3
3
1
1
1
0
2
2
2
3
2
4
1
0
1
3
2
0
2
0
0
1
3
1
2
2
0
1
0
2
1
3
3
1
2
0
1
1
0
3
0
2
0
0
2
2
1
1
3
2
2
1
3
1
4
0
0
1
2
2
0
3
2
3
1
2
0
2
1
1
1
1
2
2
1
0
2
2
1
3
1
3
1
0
3
1
1
0
4
4
0
0
1
0
0
2
0
2
1
3
1
1
0
2
4
1
2
3
3
1
2
2
2
2
2
3
2
1
2
0
3
2
2
0
1
2
0
4
0
1
1
0
0
3
2
0
2
0
0
0
1
0
1
0
1
0
1
0
0
1
0
1
4
0
1
1
0
2
2
0
2
2
1
1
2
0
0
2
1
0
1
1
0
1
0
0
1
1
1
0
0
1
1
2
0
0
0
0
2
1
0
0
1
1
1
1
2
1
1
1
0
0
0
0
2
1
0
2
0
0
0
0
1
1
1
1
2
1
1
2
2
1
2
1
1
1
0
0
0
0
2
1
0
1
2
3
2
0
1
1
1
1
0
0
1
0
1
0
1
2
0
0
1
0
1
0
1
0
0
0
1
0
1
2
1
4
4
1
1
0
1
0
2
1
1
0
0
0
0
1
1
1
2
0
1
0
0
0
0
4
0
0
3
3
2
1
0
0
0
0
0
0
1
0
0
1
2
1
0
1
0
2
1
1
0
0
1
0
2
0
0
0
0
0
1
0
0
0
0
1
1
1
0
2
0
0
0
0
0
0
0
0
1
1
0
1
1
0
0
1
1
1
0
1
1
0
0
0
0
2
2
0
1
0
0
0
1
1
0
0
0
0
0
3
0
0
1
0
0
1
1
0
4
0
0
0
1
0
1
0
0
0
2
1
2
1
0
0
1
1
0
0
1
1
2
0
0
0
1
0
2
1
3
0
0
0
0
0
0
2
0
0
0
1
0
1
0
0
0
0
0
0
0
0
0
0
0
2
1
0
0
0
0
0
1
1
0
1
0
0
1
1
1
0
0
0
0
1
1
0
0
0
1
1
0
1
0
1
0
0
0
1
2
1
0
1
1
0
0
0
1
3
0
0
1
4
0
0
0
0
0
1
1
0
0
0
1
0
1
1
0
0
0
0
1
0
0
0
0
0
0
0
0
0
0
2
0
0
1
0
0
2
0
0
0
0
0
1
2
1
0
0
2
1
0
0
0
0
0
0
0
0
0
0
0
1
1
0
0
1
0
0
1
1
0
0
1
0
1
0
0
0
0
0
0
0
0
0
0
0
1
0
0
1
1
1
0
0
0
1
0
2
0
0
1
1
0
0
0
0
0
1
0
0
0
0
2
0
0
0
0
0
2
0
0
0
0
0
0
0
0
0
0
1
0
1
0
0
0
0
0
0
0
1
0
0
0
0
0
1
2
0
0
0
1
0
1
0
0
0
0
0
1
0
0
0
0
0
1
0
1
0
0
1
2
1
1
0
0
0
0
0
0
1
1
0
0
0
0
0
2
1
0
0
0
0
0
1
0
1
0
0
0
0
0
0
1
0
0
0
0
0
0
0
1
0
1
0
0
0
<<END>>
<<DP5 CONFIGURATION>>
RESC=?;    Reset Configuration
CLCK=20;    20MHz/80MHz
TPEA=32.000;    Peaking Time
GAIF=0.9727;    Fine Gain
GAIN=29.999;    Total Gain (Analog * Fine)
RESL=13107;    Detector Reset Lockout
TFLA=1.200;    Flat Top
TPFA=1600;    Fast Channel Peaking Time
PURE=ON;    PUR Interval On/Off
RTDE=OFF;    RTD On/Off
MCAS=NORM;    MCA Source
MCAC=8192;    MCA/MCS Channels
SOFF=OFF;    Set Spectrum Offset
AINP=NEG;    Analog Input Pos/Neg
INOF=DEF;    Input Offset
GAIA=12;    Analog Gain Index
CUSP=0;    Non-Trapezoidal Shaping
PDMD=NORM;    Peak Detect Mode (Min/Max)
THSL=4.492;    Slow Threshold
TLLD=OFF;    LLD Threshold
THFA=11.62;    Fast Threshold
DACO=OFF;    DAC Output
DACF=0;    DAC Offset
RTDS=0;    RTD Sensitivity
RTDT=0.00;    RTD Threshold
BLRM=1;    BLR Mode
BLRD=3;    BLR Down Correction
BLRU=0;    BLR Up Correction
GATE=OFF;    Gate Control
AUO1=ICR;    AUX_OUT Selection
PRET=60.0;    Preset Time
PRER=60.000;    Preset Real Time
PREC=OFF;    Preset Counts
PRCL=0;    Preset Counts Low Threshold
PRCH=0;    Preset Counts High Threshold
HVSE=180;    HV Set
TECS=225;    TEC Set
PAPS=ON;    Preamp 8.5/5 (N/A)
SCOE=RI;    Scope Trigger Edge
SCOT=87;    Scope Trigger Position
SCOG=1;    Digital Scope Gain
MCSL=0;    MCS Low Threshold
MCSH=0;    MCS High Threshold
MCST=0.00;    MCS Timebase
AUO2=ICR;    AUX_OUT2 Selection
TPMO=OFF;    Test Pulser On/Off
GPED=FA;    G.P. Counter Edge
GPIN=AUX1;    G.P. Counter Input
GPME=OFF;    G.P. Counter Uses MCA_EN?
GPGA=OFF;    G.P. Counter Uses GATE?
GPMC=OFF;    G.P. Counter Cleared With MCA Counters?
MCAE=OFF;    MCA/MCS Enable
BOOT=ON;    Turn Supplies On/Off At Power Up
<<DP5 CONFIGURATION END>>
<<DPP STATUS>>
Device Type: DP5
Serial Number: 13140
Firmware: 6.07  Build:  3
FPGA: 6.02
Fast Count: 247540
Slow Count: 158243
GP Count: 1
Accumulation Time: 54.966000
Real Time: 60.000000
Dead Time: 36.07%
HV Volt: 181V
TEC Temp: 228K
Board Temp: 40°C
<<DPP STATUS END>>
