<<PMCA SPECTRUM>>
TAG - live_data
DESCRIPTION - 
GAIN - 5
THRESHOLD - 0
LIVE_MODE - 0
PRESET_TIME - 0
LIVE_TIME - 9.197977
REAL_TIME - 38.925000
START_TIME - 03/07/2018 15:52:17
SERIAL_NUMBER - 0
<<CALIBRATION>>
LABEL - keV
809.65 3.66
810.98 3.66
1816.99 8.05
2012.04 8.9
2012.55 8.9
2393.16 10.55
2393.61 10.55
2862.68 12.612
2862.87 12.612
5717.27 25.27
5718.07 25.27
6460.66 28.48
6462.08 28.48
<<ROI>>
592 1088
5559 5887
6373 6553
<<DATA>>
0
0
0
0
0
0
0
0
0
0
0
0
0
0
0
0
0
0
0
0
0
0
0
0
0
0
0
0
0
0
0
0
0
0
0
0
0
0
0
0
0
0
0
0
0
0
0
0
0
0
0
0
0
0
0
0
0
0
0
0
0
0
0
0
0
0
0
0
0
0
0
0
0
0
0
0
0
0
0
0
0
0
0
0
0
0
0
0
0
0
0
0
0
0
0
0
0
0
0
0
0
0
0
0
0
0
0
0
0
0
0
0
0
0
0
0
0
0
0
0
0
0
0
0
0
0
0
0
0
0
0
0
0
0
0
0
0
0
0
0
0
0
0
0
0
0
0
0
0
0
0
0
0
0
0
0
0
0
0
0
0
0
0
0
0
0
0
0
0
0
0
0
0
0
0
0
0
0
0
0
0
0
0
0
0
0
0
0
0
0
0
0
0
0
0
0
0
0
0
0
0
0
0
0
0
0
0
0
0
0
0
0
0
0
0
0
0
0
0
0
0
0
0
0
0
0
0
0
0
0
0
0
0
0
0
0
0
0
0
0
0
0
0
0
0
0
0
0
0
0
0
0
0
0
0
0
0
0
0
0
0
0
0
0
0
0
0
0
0
0
0
0
0
0
0
0
0
0
0
0
0
0
0
0
0
0
0
0
0
0
0
0
0
0
0
0
0
0
0
0
0
0
0
0
0
0
0
0
0
0
0
0
0
0
0
0
0
0
0
0
0
0
0
0
0
0
0
0
0
0
0
0
0
0
0
0
0
0
0
0
0
0
0
0
0
0
0
0
0
0
0
0
0
0
0
0
0
0
0
0
0
0
0
0
0
0
0
0
0
0
1
0
0
1
1
0
0
0
1
0
0
1
0
0
0
1
0
1
0
0
1
0
0
0
0
0
0
0
0
0
0
0
0
0
1
0
0
0
0
0
1
1
1
1
0
1
0
0
1
1
0
1
1
1
1
0
1
0
0
1
0
0
0
0
0
1
0
0
0
0
1
0
0
0
0
0
0
0
0
0
0
0
1
1
0
0
0
0
0
1
0
0
0
1
2
0
0
1
1
1
0
0
0
0
0
0
0
0
0
1
0
1
0
0
0
0
0
0
0
1
1
0
0
1
0
0
1
0
0
1
1
2
0
1
0
1
0
1
2
0
0
0
0
0
0
1
0
0
0
0
0
1
1
2
0
2
0
1
1
1
0
0
0
0
0
3
0
0
0
1
0
0
1
1
2
0
1
0
0
3
0
1
0
1
0
2
0
0
0
0
0
1
2
0
2
0
1
0
2
0
0
2
1
0
1
1
2
0
1
3
1
1
3
0
1
1
0
1
1
0
0
1
1
1
0
0
0
0
2
0
1
4
2
3
2
2
1
1
2
0
1
2
0
1
2
0
0
1
1
0
0
1
0
2
0
2
2
1
2
2
1
2
1
3
5
2
1
4
3
4
0
3
4
1
5
5
6
4
11
8
11
4
4
7
5
15
6
7
9
7
4
13
7
18
11
12
6
17
14
19
8
19
12
12
10
14
17
7
15
14
11
7
10
9
12
3
10
7
9
7
6
3
5
3
7
3
4
5
5
6
5
10
6
8
10
5
5
10
10
8
11
14
15
7
5
13
9
18
11
13
11
10
15
19
24
13
18
15
14
16
18
17
18
17
15
19
12
17
13
15
9
18
15
11
14
17
15
6
13
8
6
9
10
12
3
2
2
6
3
5
4
2
3
4
1
0
3
2
2
3
0
1
1
2
1
2
2
2
2
3
1
1
1
1
3
0
0
1
1
1
0
2
2
0
3
0
2
0
1
0
1
0
0
1
2
2
1
2
1
2
1
0
1
3
1
1
0
1
2
2
1
3
3
3
3
3
3
1
2
5
2
5
5
6
6
5
5
7
5
5
6
9
7
5
7
8
13
6
5
3
2
8
3
8
3
3
7
6
11
8
4
6
3
3
2
3
3
3
3
2
4
4
4
2
2
2
4
2
2
1
2
1
1
1
3
2
3
1
0
2
0
1
0
1
1
0
0
0
2
1
0
0
0
0
1
1
0
0
0
1
0
2
0
0
1
0
1
0
1
0
0
0
1
1
2
2
1
0
1
1
1
1
0
0
0
0
0
2
0
1
0
2
1
0
0
0
0
0
1
1
0
0
0
1
0
0
2
1
0
1
1
0
0
0
2
1
1
0
0
0
0
0
0
1
1
1
1
0
0
0
0
0
2
2
1
2
3
1
0
0
1
0
1
0
1
1
1
0
0
1
2
1
1
2
0
0
4
1
2
1
2
0
1
2
0
0
0
0
0
1
1
1
0
1
0
0
0
0
1
3
1
1
0
1
0
2
0
1
3
2
2
0
0
0
1
0
0
1
0
2
1
0
0
1
0
1
0
2
0
0
1
0
0
2
2
4
2
1
1
0
1
0
3
1
0
1
0
0
0
3
0
1
0
1
2
1
0
1
1
3
0
0
0
0
1
2
0
1
2
1
2
1
0
0
0
3
2
1
1
2
0
1
1
1
1
1
1
1
0
1
1
0
2
0
2
1
1
1
3
1
0
1
2
0
1
2
0
0
0
0
1
2
4
0
3
2
1
0
2
0
2
0
0
0
1
3
1
2
0
1
1
2
3
2
1
2
2
0
0
2
1
0
2
2
3
3
0
0
3
3
1
1
3
4
2
1
4
2
3
4
4
0
2
0
6
6
8
2
3
2
7
2
4
1
3
3
2
5
4
6
0
2
4
0
3
2
2
5
3
10
2
0
2
2
1
3
3
3
1
2
2
1
2
2
3
3
0
3
1
2
2
1
0
0
2
2
2
4
1
0
1
0
0
1
1
2
1
1
3
2
0
2
1
1
0
3
3
0
1
1
2
2
3
2
1
2
1
2
2
2
1
0
0
4
1
2
1
1
0
1
1
0
0
0
0
1
1
0
5
1
0
2
4
5
3
1
2
2
3
2
1
0
4
2
1
3
3
0
4
2
0
3
1
2
1
3
3
3
4
0
2
5
0
3
2
3
6
2
4
0
3
2
2
2
1
4
1
3
1
2
2
2
4
3
1
2
1
1
5
5
1
5
0
5
4
1
5
2
2
2
3
2
6
2
3
3
9
3
2
7
2
4
1
2
3
5
9
4
8
4
7
14
11
7
6
7
6
7
10
6
8
10
11
11
10
11
14
20
10
9
15
15
9
21
10
17
6
11
9
8
10
12
7
6
10
13
6
6
11
1
14
10
7
7
7
7
4
8
7
5
4
8
4
11
8
3
10
8
3
12
4
4
6
3
7
8
3
4
5
7
9
5
4
4
6
6
4
5
4
9
7
3
7
4
5
3
6
4
5
4
6
2
4
6
3
1
4
4
2
6
2
4
5
2
5
3
4
6
3
1
4
5
5
3
1
4
5
2
5
3
3
1
2
1
5
5
0
3
1
2
4
5
4
1
5
2
1
3
1
3
4
2
3
4
1
6
4
3
4
3
3
3
3
6
0
4
5
2
3
4
6
3
6
6
7
3
4
5
4
5
5
6
5
6
6
6
6
7
3
4
3
6
5
5
6
3
6
2
8
2
3
7
4
2
3
1
1
5
4
4
3
4
3
3
4
7
3
3
3
2
3
2
5
3
2
1
2
6
2
2
3
6
4
3
3
5
2
2
4
4
0
6
4
2
6
4
2
1
3
3
0
4
3
5
6
1
2
8
3
4
1
2
2
4
2
2
5
3
3
5
3
0
2
5
8
0
3
8
5
2
6
4
7
3
5
3
4
6
5
5
3
3
6
7
5
6
9
4
5
2
13
7
7
11
9
8
10
12
4
5
5
5
6
8
7
10
9
12
4
9
8
6
6
5
4
8
8
9
4
3
12
6
4
5
8
3
3
9
9
12
9
9
5
8
4
4
7
9
6
10
4
9
5
7
5
7
7
4
14
8
7
10
7
10
8
9
9
7
9
10
13
6
13
10
3
13
14
10
11
12
17
15
33
21
27
35
46
42
37
54
56
64
91
81
86
95
116
149
138
151
174
228
230
263
284
314
340
425
400
484
479
580
623
613
732
705
807
872
894
1049
1009
1153
1091
1305
1246
1348
1372
1463
1558
1471
1637
1598
1752
1657
1713
1694
1838
1775
1737
1809
1694
1766
1629
1706
1701
1537
1699
1473
1566
1402
1441
1357
1333
1278
1210
1208
1096
1024
941
930
794
797
726
663
630
528
555
466
480
421
345
369
285
281
231
225
195
179
177
167
120
100
86
77
88
70
70
60
56
44
37
40
37
18
25
17
21
18
26
24
18
14
22
20
18
13
21
15
13
17
11
19
15
23
16
29
23
29
40
41
37
40
46
47
44
58
83
91
87
97
113
107
135
120
145
193
214
253
238
298
300
324
362
384
414
403
503
478
570
598
676
696
805
830
807
900
887
1051
1014
1080
1077
1164
1219
1189
1292
1248
1382
1259
1344
1306
1319
1306
1262
1333
1360
1435
1298
1306
1325
1230
1262
1167
1188
1095
1170
991
1044
974
890
942
802
806
731
796
680
630
591
578
529
512
465
423
450
404
356
346
319
324
254
272
276
280
266
265
253
238
257
219
249
257
247
233
254
273
245
269
245
253
286
253
262
231
269
258
260
263
286
255
227
241
244
251
228
238
217
233
196
192
205
180
168
169
172
178
149
121
138
131
96
95
92
87
92
69
77
63
56
39
42
47
43
38
26
35
30
33
17
25
21
10
16
13
13
9
8
8
5
4
3
7
5
7
3
7
3
3
1
1
3
0
3
3
2
2
2
0
4
1
1
1
0
4
0
2
4
2
3
0
3
1
5
1
2
3
1
2
3
4
5
4
3
1
1
2
4
2
4
7
1
6
4
2
9
9
9
5
13
9
5
12
9
13
17
17
16
13
17
20
11
15
19
24
21
14
24
14
37
23
30
42
45
33
33
30
44
42
31
52
30
46
53
42
54
24
60
42
43
50
40
42
46
44
41
35
33
49
45
41
34
37
44
31
37
29
27
31
24
28
20
32
19
14
16
15
15
12
13
17
10
7
12
7
4
8
7
5
3
4
8
4
5
3
1
1
0
3
3
2
3
1
1
2
4
1
1
1
0
1
2
1
2
0
0
0
0
1
0
1
1
4
0
0
0
1
1
2
0
0
1
1
0
0
0
0
0
1
1
0
1
0
1
0
0
1
0
1
0
0
2
0
0
0
0
0
1
1
0
0
0
0
0
1
0
0
0
0
0
0
0
0
2
0
0
0
1
1
0
0
0
2
0
0
0
1
0
0
0
0
0
0
0
0
0
0
0
0
0
0
0
0
0
1
0
1
0
0
0
0
1
0
0
0
0
1
1
0
0
0
0
0
0
1
1
1
0
0
0
0
0
0
1
1
1
0
0
1
1
1
0
2
0
1
1
0
0
1
0
1
0
1
2
0
2
0
0
0
2
0
1
0
0
0
0
1
0
0
0
3
0
0
0
0
0
0
2
0
3
0
0
0
0
0
3
0
0
0
1
1
0
0
2
0
0
0
0
0
0
0
0
1
1
0
0
0
0
0
1
1
3
0
1
0
0
1
0
1
1
0
0
4
1
0
0
0
0
0
0
0
1
0
0
1
0
1
0
0
0
1
1
0
0
2
1
1
0
0
1
1
0
0
2
0
2
2
1
1
2
1
0
0
1
1
0
0
1
2
0
1
0
1
1
2
1
0
1
2
0
1
0
2
1
1
0
1
0
1
1
1
0
1
0
2
1
0
1
2
2
2
0
0
0
1
2
1
1
3
1
1
0
1
1
0
4
0
3
1
1
0
0
3
0
2
0
1
2
0
0
3
0
5
2
1
2
2
0
0
2
1
3
1
0
0
1
2
0
1
1
1
0
0
0
1
1
1
2
2
2
2
1
1
0
0
2
1
0
0
2
1
1
0
0
0
1
1
1
0
1
0
1
1
2
0
1
0
2
0
0
0
0
1
0
3
1
0
0
2
0
1
0
0
0
0
1
2
2
1
3
2
1
0
2
0
1
0
0
0
0
1
0
0
0
0
0
1
1
1
0
0
0
0
3
0
0
2
3
0
2
0
1
0
0
0
1
1
1
3
2
0
1
1
2
1
1
0
1
0
0
1
0
1
1
1
1
1
0
3
2
1
2
1
1
0
1
1
0
0
0
2
2
1
0
1
1
2
1
0
0
1
1
0
0
2
0
2
0
3
1
1
0
0
1
1
0
2
1
0
3
2
1
0
0
0
0
1
3
1
0
0
0
0
2
0
2
3
0
0
0
0
1
1
0
0
0
1
0
3
1
1
0
1
0
0
1
2
0
0
1
0
0
0
0
0
2
0
3
1
0
0
0
1
0
1
0
1
1
2
3
1
2
0
1
1
0
1
0
2
1
0
1
2
0
1
1
0
1
0
0
1
0
1
2
0
2
1
0
2
0
1
1
0
1
0
0
0
0
1
1
0
0
3
2
0
1
0
0
0
0
0
1
1
1
1
1
2
0
1
2
0
2
2
0
0
0
0
0
1
2
1
0
0
0
0
0
1
0
0
0
1
0
0
2
1
1
0
2
1
0
1
0
0
0
1
0
0
0
2
0
0
2
1
1
0
0
1
1
1
2
2
0
1
1
0
0
0
1
0
1
2
0
1
1
0
0
3
0
0
1
1
0
0
0
0
1
0
0
1
0
2
0
0
3
0
1
0
2
1
0
1
0
0
0
1
1
1
0
0
0
0
1
0
1
0
0
0
0
0
0
1
2
1
2
0
0
1
1
0
1
0
0
2
2
1
0
1
0
0
0
0
0
0
2
0
0
1
0
0
1
0
1
1
0
0
1
0
0
1
0
1
0
0
1
0
1
2
1
1
1
0
3
2
0
0
0
1
2
2
1
2
0
0
0
0
0
0
1
0
2
0
2
0
1
0
3
0
0
0
0
1
1
0
0
0
0
1
3
1
1
2
3
1
0
0
0
1
0
0
3
3
0
2
0
1
2
0
1
0
0
0
0
1
0
0
1
1
0
0
0
0
0
0
0
1
0
2
0
0
1
0
0
1
2
2
2
0
0
2
1
0
0
1
0
0
0
2
0
0
0
0
0
0
1
0
0
0
0
1
0
1
0
0
1
1
0
2
1
0
0
1
1
2
1
1
1
0
0
3
0
0
1
1
0
1
1
0
0
0
0
1
1
2
0
1
0
0
0
0
0
0
0
0
0
1
3
1
0
0
1
0
1
0
1
0
0
0
0
0
0
0
1
1
0
1
0
0
0
0
1
1
1
2
0
1
0
0
1
0
0
1
0
1
0
0
1
1
0
0
3
1
2
0
0
1
1
1
1
0
1
1
0
1
0
0
3
0
0
1
0
0
1
0
0
1
3
1
3
3
0
0
1
0
3
0
0
1
1
1
1
2
0
1
0
1
0
2
2
2
0
1
3
0
1
0
0
0
0
0
1
2
0
0
1
0
0
1
2
0
0
1
1
4
1
2
0
0
0
1
0
0
2
0
1
3
0
1
0
1
3
1
0
1
1
0
0
2
2
0
1
1
1
0
1
0
1
1
0
0
2
2
0
0
1
1
1
1
1
0
0
0
0
1
1
1
0
0
1
1
1
1
1
1
2
0
0
1
0
0
3
0
2
0
0
1
0
0
0
4
0
0
2
2
2
0
1
0
1
2
0
1
2
1
2
0
0
1
1
1
2
1
0
0
2
0
1
0
1
2
1
0
1
3
1
2
0
0
2
1
2
0
1
1
1
2
0
1
1
2
1
1
0
2
2
1
0
0
0
0
0
1
1
1
2
0
2
1
2
1
0
0
0
0
1
0
0
1
1
1
0
1
2
1
1
0
0
2
0
0
0
2
0
2
0
1
2
0
1
1
0
0
0
0
0
1
2
1
0
0
0
0
1
2
0
1
0
1
0
2
0
1
0
1
1
1
0
4
0
1
0
2
0
1
1
0
1
0
1
0
2
0
3
1
0
0
0
2
0
2
1
2
0
1
0
1
1
0
0
0
0
1
2
1
0
0
1
0
0
0
0
0
0
0
0
1
0
3
1
0
0
0
1
0
0
0
4
3
0
1
2
0
1
0
0
1
0
0
2
1
0
0
2
0
0
1
2
0
1
2
1
1
1
2
1
0
2
0
1
2
0
1
1
2
0
3
0
1
0
2
1
4
2
1
0
3
4
2
5
4
1
2
3
4
7
5
6
4
4
8
3
7
6
4
12
4
11
13
12
13
10
12
10
15
12
10
15
18
16
14
16
19
19
21
20
24
24
21
20
23
13
20
19
18
23
27
30
20
14
18
18
23
27
22
29
17
18
19
15
16
18
19
17
19
21
22
16
9
14
19
16
7
12
10
14
13
8
6
5
8
9
6
8
5
4
8
7
2
3
5
4
0
2
3
2
3
4
2
2
0
0
3
3
2
4
5
1
0
1
1
2
1
0
0
3
3
2
2
3
4
1
3
1
3
2
2
3
4
4
6
2
1
4
11
7
10
6
6
12
8
6
9
9
17
9
12
11
13
9
15
14
14
12
13
16
20
9
22
23
26
13
18
23
10
32
26
21
26
24
32
27
23
36
25
30
25
23
32
38
26
35
41
23
34
30
28
31
33
34
29
28
28
30
28
25
24
26
32
21
21
19
24
18
28
19
22
18
15
14
17
17
21
10
13
11
19
17
10
18
14
16
8
11
11
10
12
8
8
10
10
9
12
2
14
10
6
11
6
7
9
9
5
12
4
6
7
14
8
6
7
8
8
7
6
11
9
4
10
3
8
2
2
11
4
7
3
4
9
8
10
5
7
3
5
4
4
4
13
8
7
10
6
5
8
9
6
7
9
8
12
4
14
10
7
11
18
10
10
10
10
15
7
8
15
11
13
10
7
22
11
15
15
16
6
11
9
10
6
10
15
10
18
15
14
15
8
13
8
9
8
7
5
9
11
11
11
5
10
9
8
8
4
9
8
7
5
10
8
6
10
11
7
6
4
8
8
4
10
15
8
5
7
8
2
4
3
10
6
3
8
8
5
5
6
5
2
3
7
8
5
8
9
10
7
2
8
6
0
8
7
5
2
8
6
7
8
4
2
3
4
1
1
2
3
4
1
3
3
5
2
3
5
1
5
1
2
4
4
0
3
0
0
3
3
2
3
0
0
2
1
2
1
2
2
2
0
2
1
2
3
1
0
1
2
1
0
0
3
0
2
2
1
2
1
1
1
0
0
2
0
1
0
1
0
4
1
1
1
2
0
0
2
0
1
1
1
0
1
0
0
0
0
0
0
0
0
1
1
2
0
1
2
1
0
1
2
1
0
1
1
0
1
0
1
2
2
1
1
2
1
1
0
2
0
1
1
0
0
1
0
0
3
2
0
2
2
0
0
1
1
3
1
1
2
2
0
2
1
1
3
1
0
0
0
1
2
0
2
2
1
0
1
0
1
0
0
2
0
1
2
0
2
1
2
0
1
1
0
0
0
0
2
0
1
0
1
0
0
0
0
0
0
2
0
1
0
0
0
1
1
1
0
0
1
1
2
0
0
0
0
0
0
1
0
0
0
1
1
1
0
1
0
0
0
0
1
0
0
1
0
0
0
0
0
0
1
0
0
0
0
1
2
1
0
0
0
1
1
0
0
0
1
0
0
0
0
1
2
0
0
1
1
1
0
1
1
1
1
0
0
0
1
0
0
0
0
0
0
0
0
0
1
0
0
0
2
1
0
0
1
1
1
1
0
0
0
0
0
0
1
0
2
0
0
0
1
0
0
0
1
1
0
1
0
0
0
0
1
0
0
0
1
0
1
0
1
1
1
1
0
2
0
1
1
0
1
2
0
0
0
0
0
1
0
0
1
1
0
0
0
0
0
0
0
1
1
0
0
0
0
0
0
1
0
0
0
0
0
1
0
0
2
0
0
0
0
0
0
1
3
1
1
1
2
2
0
0
0
0
0
0
0
0
1
0
0
0
0
0
0
0
0
0
0
0
0
0
0
1
0
0
1
0
1
3
0
0
0
0
0
0
0
0
1
1
3
0
0
0
0
0
1
0
0
0
1
0
0
0
0
1
0
1
0
0
0
0
0
1
0
0
0
0
1
0
0
2
0
0
1
0
0
1
0
0
1
0
1
1
2
0
0
1
0
1
1
0
0
1
1
0
0
2
1
1
0
0
0
1
1
1
1
2
1
0
0
0
0
0
0
0
0
1
0
0
0
0
1
1
0
2
0
0
0
1
1
0
2
0
0
1
1
1
0
0
0
0
1
0
1
1
3
0
0
0
1
0
0
0
0
0
1
0
0
1
0
0
0
0
2
0
1
2
1
0
0
0
1
0
0
0
0
0
0
0
0
0
1
0
1
1
1
1
0
0
1
1
1
1
0
0
0
0
0
0
2
0
0
0
0
0
1
0
0
0
0
1
0
1
1
1
0
1
1
0
1
2
0
1
0
2
0
0
2
0
2
1
0
2
0
1
0
0
0
1
1
0
0
0
1
1
0
1
0
0
0
0
0
2
2
1
0
0
1
0
0
1
2
0
0
0
0
0
0
0
1
0
0
1
0
0
1
1
0
1
0
1
1
1
0
1
2
1
1
1
1
1
0
1
3
0
1
1
2
2
1
1
0
1
0
1
1
0
1
0
0
1
0
1
1
3
0
1
1
0
0
1
0
1
0
1
0
1
1
0
0
1
1
1
3
2
0
1
0
0
0
0
0
0
0
2
2
1
0
0
1
0
1
0
1
1
0
0
1
0
0
0
1
2
1
0
0
1
2
3
2
0
1
0
0
0
1
0
0
0
0
4
1
1
0
1
1
1
0
0
1
1
0
0
2
0
1
1
1
0
2
2
1
1
2
1
1
0
0
1
0
4
0
1
1
1
0
0
0
0
1
0
0
1
1
0
3
0
0
0
4
0
0
1
0
1
0
0
2
0
1
0
0
0
2
1
1
0
1
3
0
1
1
1
0
0
1
2
1
1
0
0
1
0
2
0
0
0
1
1
2
1
0
0
0
1
1
0
1
1
0
0
2
1
0
2
1
1
1
0
0
0
0
1
0
1
0
1
2
0
0
0
1
0
1
0
1
0
0
0
0
0
0
0
1
0
0
0
0
1
1
0
1
0
2
0
0
0
0
0
0
0
0
0
1
1
0
1
0
0
0
2
0
0
0
1
1
1
1
0
2
0
0
0
0
0
0
0
0
0
0
1
0
0
1
1
1
1
2
1
0
0
0
0
1
1
2
1
0
0
1
0
0
0
2
0
0
3
2
1
1
1
7
0
2
0
1
0
2
0
1
4
2
1
1
3
2
3
3
0
3
3
4
5
3
0
3
0
1
0
0
2
1
3
2
1
4
4
0
1
1
2
0
1
1
1
1
0
1
1
4
3
2
1
4
0
1
1
3
1
2
2
5
1
2
2
3
4
1
0
1
4
4
2
0
4
2
1
2
0
2
2
1
0
1
1
2
1
3
3
0
2
1
1
2
0
0
3
1
1
0
0
1
0
1
0
1
1
0
1
0
3
1
0
2
0
1
1
1
0
1
1
2
2
1
1
0
0
0
0
0
0
0
0
0
1
0
0
1
0
0
0
0
0
0
0
0
0
0
0
0
0
0
0
0
0
0
0
0
0
0
0
0
0
0
0
0
0
0
1
0
0
2
0
0
0
0
0
0
0
0
0
2
2
1
0
0
0
2
0
0
0
0
0
0
1
0
0
0
0
1
0
0
2
0
1
0
0
0
0
0
0
1
1
0
1
1
0
0
0
0
1
0
0
0
0
0
0
0
1
0
0
0
0
2
0
0
2
0
0
1
0
0
0
0
2
0
0
0
0
0
0
0
1
1
0
0
0
0
1
0
0
0
0
0
0
1
1
0
0
0
0
1
0
0
0
1
0
0
0
1
0
0
0
1
0
0
0
1
2
0
0
0
0
0
1
0
0
2
2
1
0
1
0
1
0
0
0
2
0
0
0
0
1
0
0
1
1
0
1
1
0
0
2
1
0
1
0
1
0
0
0
1
1
0
0
1
0
0
0
0
0
2
0
0
0
0
1
0
0
0
0
0
1
0
0
1
0
1
0
0
0
0
0
0
0
0
1
0
0
0
1
0
2
0
1
0
0
0
1
0
0
0
0
0
4
0
0
0
0
1
1
0
0
0
0
0
0
0
0
1
0
1
0
0
0
0
0
2
0
0
0
0
0
0
0
1
0
0
2
0
0
1
1
0
0
1
1
0
1
1
2
1
0
2
0
0
1
0
1
0
1
0
0
0
0
0
0
0
1
0
0
0
0
0
0
0
0
0
1
0
2
0
0
0
0
0
0
0
0
0
0
1
0
0
1
0
0
0
0
0
0
0
0
2
3
2
2
0
0
1
0
0
0
0
1
1
0
0
0
0
0
1
1
1
0
1
1
0
2
0
0
1
2
1
0
0
2
0
0
0
0
0
0
0
0
1
0
0
1
1
1
0
0
0
0
2
0
1
2
0
0
2
0
0
0
0
0
0
0
0
0
0
0
0
0
0
1
0
1
0
0
0
0
1
1
1
0
1
0
1
0
1
0
0
1
0
0
0
0
0
0
0
0
0
1
1
0
0
0
1
0
0
0
1
1
1
0
1
2
1
2
0
1
0
0
1
0
0
1
0
0
0
0
0
0
0
1
0
1
2
0
1
0
1
1
0
0
1
0
0
0
0
1
1
0
1
1
1
1
0
0
1
0
1
1
0
1
2
0
0
1
0
0
0
0
0
0
1
0
2
0
0
0
1
0
0
1
0
0
0
0
1
0
0
0
1
0
0
0
0
2
2
1
0
1
2
1
0
2
2
0
0
1
0
1
0
0
3
0
0
1
0
2
1
1
1
6
0
1
0
0
0
0
1
1
0
0
0
1
0
0
0
2
0
0
1
0
1
1
0
1
0
0
1
0
1
1
1
0
0
1
2
0
0
0
0
1
1
2
0
1
0
0
3
1
2
0
0
1
0
0
1
0
0
2
0
0
0
0
1
1
1
0
0
0
0
1
0
0
1
0
1
0
1
0
0
0
0
0
0
3
0
0
0
1
0
1
0
1
1
0
0
2
0
0
1
0
0
0
0
0
1
0
0
1
1
0
0
1
0
0
0
2
0
2
1
0
0
1
1
0
1
0
1
1
0
0
1
0
1
0
0
0
0
1
1
0
0
0
0
1
0
2
1
2
0
0
0
2
0
0
1
0
0
0
1
1
1
0
0
0
1
0
0
1
1
0
0
1
0
0
0
0
1
0
0
0
2
0
0
0
1
0
2
0
1
0
0
1
0
0
0
0
0
1
2
1
0
0
0
0
0
0
1
0
0
2
0
0
0
0
0
1
1
1
1
0
0
1
0
0
1
0
2
0
0
0
1
0
0
0
0
0
1
0
1
1
1
3
1
1
0
0
0
0
0
0
0
0
0
0
0
0
0
0
0
0
0
0
0
0
0
0
1
0
1
1
0
1
1
1
0
0
0
0
0
0
0
1
0
0
0
0
0
0
0
0
0
0
1
0
1
0
0
0
0
0
0
0
0
0
0
0
0
0
0
0
0
0
1
1
0
0
0
0
0
0
1
0
1
0
1
0
0
1
0
0
0
1
0
0
1
0
0
0
1
0
2
0
2
0
0
0
0
1
0
0
1
0
1
0
0
0
0
0
0
0
0
0
0
0
0
0
1
0
0
0
0
0
0
1
0
2
0
0
0
0
0
0
0
0
0
0
0
1
0
0
0
0
0
0
0
0
0
0
0
0
0
0
0
0
0
0
0
0
1
0
1
0
1
0
1
0
0
1
0
0
0
1
0
1
0
0
1
0
1
0
0
1
1
0
0
1
0
0
0
0
0
1
0
1
0
0
0
0
0
0
0
0
1
0
0
0
1
0
0
0
0
1
0
0
1
0
2
0
0
1
0
0
0
0
0
0
0
0
0
1
0
0
1
1
1
0
0
0
0
0
0
1
0
0
0
0
0
1
0
0
1
0
0
0
0
0
0
0
0
0
1
0
0
1
0
0
1
1
0
0
0
0
1
0
0
0
0
0
0
0
0
1
0
0
0
0
0
0
0
0
0
0
1
0
0
0
0
0
0
1
0
0
0
0
0
0
0
1
0
0
0
1
0
0
0
0
1
0
1
0
0
0
0
0
0
1
1
0
1
0
0
0
1
0
0
0
1
0
0
1
0
0
0
0
0
0
0
2
0
0
1
0
0
0
1
0
0
0
1
0
0
0
0
0
1
1
0
1
0
0
1
1
0
0
0
1
0
0
0
0
0
0
0
0
1
0
0
0
0
1
0
1
0
0
0
0
0
0
0
0
0
0
0
0
1
1
0
0
1
1
0
0
0
0
1
0
1
0
0
0
0
0
0
1
1
0
0
0
0
0
0
1
0
0
0
0
0
0
0
0
0
0
0
0
0
0
2
0
0
0
0
0
0
0
0
0
0
0
0
2
1
0
0
0
0
0
0
0
0
0
0
0
1
0
0
0
0
0
0
1
0
1
0
0
0
1
1
0
0
0
0
1
0
0
0
1
1
1
0
0
0
0
0
0
0
0
0
0
0
0
0
1
0
1
0
0
0
0
0
0
1
0
0
0
0
0
0
0
1
1
0
1
0
0
0
0
1
1
0
0
0
0
0
2
0
0
1
0
0
0
0
1
0
0
0
0
0
0
0
0
0
0
0
0
0
0
0
0
0
0
0
0
0
0
1
0
0
0
0
0
1
0
0
0
0
1
0
0
0
0
0
1
0
0
0
0
0
0
0
0
0
0
0
1
0
0
0
0
0
0
0
0
1
0
0
0
0
1
0
0
0
0
0
2
0
0
0
0
0
0
0
1
0
1
0
0
0
0
0
0
0
0
0
1
0
0
0
0
0
0
0
0
1
0
0
0
0
0
0
0
0
1
2
0
0
0
0
1
0
1
0
1
0
1
0
0
1
0
0
1
0
0
0
0
1
0
0
0
1
1
1
0
0
0
1
0
0
0
0
1
1
0
0
0
0
0
0
0
2
0
0
0
1
0
0
0
2
0
0
1
0
0
0
0
0
0
0
1
1
0
0
0
0
0
0
0
0
0
0
0
0
0
0
0
0
0
0
1
0
1
0
0
0
0
0
0
0
0
0
0
1
0
1
0
1
0
0
0
1
0
0
0
0
1
0
0
0
0
0
0
0
2
1
0
0
0
0
0
0
0
0
0
0
1
0
0
0
2
0
0
0
0
1
0
0
1
0
1
0
0
1
1
0
0
0
0
1
0
1
0
1
0
0
0
0
0
0
1
1
0
1
0
0
0
1
0
0
0
0
0
0
0
0
0
1
0
0
1
0
0
0
0
0
0
0
0
0
0
0
0
0
0
1
0
1
0
0
0
0
2
0
0
1
0
2
0
1
0
1
0
0
0
0
0
0
1
0
0
0
0
0
0
0
1
1
0
0
1
1
0
0
0
0
0
1
0
0
0
0
0
0
0
0
0
0
0
0
0
1
0
0
0
0
0
0
0
0
0
0
1
0
1
0
0
0
1
0
0
0
0
0
0
0
0
0
0
0
0
0
0
0
0
1
0
0
1
0
0
1
0
1
1
0
0
0
0
0
0
0
0
1
0
0
0
0
0
0
0
1
1
0
0
1
0
0
1
0
1
0
0
0
1
1
0
0
0
0
0
0
0
0
1
0
0
0
0
0
0
0
0
0
0
1
0
0
0
1
0
1
0
0
0
0
0
0
0
0
0
0
0
1
0
0
0
0
0
0
0
0
0
0
0
1
0
0
0
1
0
0
0
0
0
2
0
0
0
1
0
0
0
0
0
0
1
0
0
0
0
1
0
0
0
0
0
0
0
1
0
0
0
0
0
1
0
0
0
0
0
0
0
0
0
1
0
0
1
0
0
1
0
0
0
0
0
0
0
1
0
1
0
0
0
0
0
0
0
0
1
0
0
0
0
0
0
0
0
0
0
0
0
0
0
1
1
0
0
1
0
0
1
0
0
1
0
0
0
0
0
0
1
0
0
0
0
0
0
0
0
0
1
0
0
0
0
1
2
0
0
0
0
0
0
0
0
0
1
0
0
1
0
1
0
0
0
0
0
1
0
0
0
0
0
0
0
0
1
0
0
0
0
0
0
0
0
0
0
0
0
0
0
0
0
0
1
0
0
0
0
3
0
0
0
0
0
0
0
0
0
0
0
0
0
0
0
0
0
0
0
0
0
0
0
0
0
0
1
1
0
0
0
0
0
0
0
0
0
1
0
0
0
0
0
0
0
0
1
0
0
0
1
0
0
0
0
0
0
0
0
0
0
0
0
0
0
0
0
0
0
0
0
0
0
0
0
1
1
0
0
1
0
0
0
0
1
0
0
0
1
1
0
0
0
0
0
0
0
0
0
0
0
0
1
1
0
0
0
0
0
0
0
0
0
0
0
0
0
0
0
0
0
0
0
0
0
0
1
0
0
0
0
0
1
0
0
1
0
1
0
0
0
0
0
0
1
0
0
0
0
0
1
0
0
0
0
0
0
0
0
0
0
1
1
0
0
0
1
0
0
0
0
0
0
0
0
0
0
0
0
0
0
0
0
0
1
1
0
0
0
1
0
0
0
0
0
0
0
1
0
0
0
0
0
0
0
1
0
0
1
0
0
0
1
0
0
0
0
0
0
0
0
0
0
1
0
0
0
0
0
0
0
1
0
0
0
0
0
0
0
0
0
0
0
0
0
0
0
0
0
0
0
0
0
0
0
1
0
0
0
0
0
0
0
1
0
0
1
1
0
0
0
0
0
0
0
0
0
0
0
0
0
0
0
0
0
0
0
1
0
1
0
0
0
0
0
0
0
0
0
0
0
1
1
0
0
0
0
0
0
0
0
0
0
0
0
0
0
0
0
0
0
0
0
0
0
0
0
0
0
0
0
0
0
2
0
0
0
0
0
0
0
0
0
0
0
0
0
0
0
0
1
0
0
1
0
0
0
0
1
0
0
0
0
0
1
0
0
0
1
0
0
1
0
1
0
0
0
0
0
0
0
0
0
0
0
0
0
0
0
0
0
0
0
0
0
0
1
0
0
1
0
0
0
1
0
0
0
0
0
0
0
0
0
0
0
1
0
0
0
0
1
0
1
0
0
0
0
0
0
0
0
0
0
0
1
0
0
0
0
0
0
0
0
1
0
0
0
0
0
0
0
0
0
0
0
0
0
0
0
0
1
0
0
0
0
0
0
0
0
0
0
0
0
0
0
0
0
0
0
0
0
0
0
0
0
0
0
0
0
0
0
0
0
0
0
0
0
0
0
0
0
0
0
0
0
0
0
0
0
0
0
1
1
0
0
0
0
0
0
0
0
0
0
0
0
0
0
0
0
0
0
0
0
1
1
0
0
0
0
0
0
0
0
0
0
0
0
0
0
1
0
0
0
0
0
0
0
0
0
0
0
0
0
0
0
0
0
0
0
0
0
0
0
0
0
0
0
0
0
0
0
0
1
0
0
0
0
0
0
0
0
0
0
0
0
0
1
0
0
0
0
0
0
0
0
0
0
0
0
0
0
0
0
1
0
0
0
0
0
0
0
0
0
0
1
0
0
0
0
0
0
0
0
0
0
0
0
0
0
0
0
0
0
0
0
0
0
0
0
0
0
0
0
0
0
0
0
1
0
0
0
0
0
1
0
2
0
1
0
0
0
0
0
0
0
0
0
0
1
0
0
0
0
0
0
0
0
0
0
0
0
0
0
0
0
0
0
0
0
0
0
0
0
0
0
0
0
0
1
0
0
0
0
0
0
0
0
0
0
0
0
0
0
1
0
0
0
0
0
0
0
0
0
0
0
0
0
0
0
0
0
0
0
0
0
0
0
0
0
0
0
0
1
0
0
0
0
0
0
0
0
0
0
0
0
0
0
0
0
0
0
0
0
0
1
0
1
0
0
0
0
0
0
0
0
0
0
0
0
0
0
0
0
0
0
0
0
0
0
0
0
0
1
0
0
0
0
0
0
0
0
0
0
0
0
0
0
0
0
0
0
0
0
0
0
0
0
0
0
0
0
0
0
0
0
0
0
0
0
0
0
0
0
0
0
0
0
0
0
0
0
0
0
0
0
0
0
0
0
0
1
0
0
0
0
0
0
0
0
0
0
0
0
0
0
0
2
0
0
0
0
0
0
0
0
0
0
0
0
0
0
0
0
0
0
0
0
0
0
0
0
1
0
0
0
0
0
0
0
0
0
0
1
0
0
0
0
0
0
0
0
0
0
0
0
0
0
0
0
0
0
0
0
0
0
0
0
0
0
0
0
0
0
0
0
0
0
0
1
0
0
0
0
0
0
0
0
0
0
0
0
0
0
0
0
0
0
0
0
0
0
0
0
0
0
0
0
0
0
0
0
0
0
0
0
0
0
0
0
0
0
0
0
0
0
0
0
0
0
0
0
0
0
0
0
0
0
0
0
0
0
0
0
0
0
0
0
0
1
0
0
1
0
0
0
0
1
0
0
0
0
0
0
0
0
1
0
0
0
0
0
0
0
0
0
0
0
0
0
0
0
0
0
0
<<END>>
<<DP5 CONFIGURATION>>
RESC=?;    Reset Configuration
CLCK=20;    20MHz/80MHz
TPEA=32.000;    Peaking Time
GAIF=0.9727;    Fine Gain
GAIN=29.999;    Total Gain (Analog * Fine)
RESL=13107;    Detector Reset Lockout
TFLA=1.200;    Flat Top
TPFA=1600;    Fast Channel Peaking Time
PURE=ON;    PUR Interval On/Off
RTDE=OFF;    RTD On/Off
MCAS=NORM;    MCA Source
MCAC=8192;    MCA/MCS Channels
SOFF=OFF;    Set Spectrum Offset
AINP=NEG;    Analog Input Pos/Neg
INOF=DEF;    Input Offset
GAIA=12;    Analog Gain Index
CUSP=0;    Non-Trapezoidal Shaping
PDMD=NORM;    Peak Detect Mode (Min/Max)
THSL=4.492;    Slow Threshold
TLLD=OFF;    LLD Threshold
THFA=11.62;    Fast Threshold
DACO=OFF;    DAC Output
DACF=0;    DAC Offset
RTDS=0;    RTD Sensitivity
RTDT=0.00;    RTD Threshold
BLRM=1;    BLR Mode
BLRD=3;    BLR Down Correction
BLRU=0;    BLR Up Correction
GATE=OFF;    Gate Control
AUO1=ICR;    AUX_OUT Selection
PRET=60.0;    Preset Time
PRER=60.000;    Preset Real Time
PREC=OFF;    Preset Counts
PRCL=0;    Preset Counts Low Threshold
PRCH=0;    Preset Counts High Threshold
HVSE=180;    HV Set
TECS=225;    TEC Set
PAPS=ON;    Preamp 8.5/5 (N/A)
SCOE=RI;    Scope Trigger Edge
SCOT=87;    Scope Trigger Position
SCOG=1;    Digital Scope Gain
MCSL=0;    MCS Low Threshold
MCSH=0;    MCS High Threshold
MCST=0.00;    MCS Timebase
AUO2=ICR;    AUX_OUT2 Selection
TPMO=OFF;    Test Pulser On/Off
GPED=FA;    G.P. Counter Edge
GPIN=AUX1;    G.P. Counter Input
GPME=OFF;    G.P. Counter Uses MCA_EN?
GPGA=OFF;    G.P. Counter Uses GATE?
GPMC=OFF;    G.P. Counter Cleared With MCA Counters?
MCAE=OFF;    MCA/MCS Enable
BOOT=ON;    Turn Supplies On/Off At Power Up
<<DP5 CONFIGURATION END>>
<<DPP STATUS>>
Device Type: DP5
Serial Number: 13140
Firmware: 6.07  Build:  3
FPGA: 6.02
Fast Count: 712678
Slow Count: 168435
GP Count: 1
Accumulation Time: 38.925000
Real Time: 60.000000
Dead Time: 76.37%
HV Volt: 181V
TEC Temp: 227K
Board Temp: 39°C
<<DPP STATUS END>>
