<<PMCA SPECTRUM>>
TAG - live_data
DESCRIPTION - 
GAIN - 5
THRESHOLD - 0
LIVE_MODE - 0
PRESET_TIME - 0
LIVE_TIME - 6.041690
REAL_TIME - 35.004000
START_TIME - 03/07/2018 15:40:18
SERIAL_NUMBER - 0
<<CALIBRATION>>
LABEL - keV
809.65 3.66
810.98 3.66
1816.99 8.05
2012.04 8.9
2012.55 8.9
2393.16 10.55
2393.61 10.55
2862.68 12.612
2862.87 12.612
5717.27 25.27
5718.07 25.27
6460.66 28.48
6462.08 28.48
<<ROI>>
592 1088
5559 5887
6373 6553
<<DATA>>
0
0
0
0
0
0
0
0
0
0
0
0
0
0
0
0
0
0
0
0
0
0
0
0
0
0
0
0
0
0
0
0
0
0
0
0
0
0
0
0
0
0
0
0
0
0
0
0
0
0
0
0
0
0
0
0
0
0
0
0
0
0
0
0
0
0
0
0
0
0
0
0
0
0
0
0
0
0
0
0
0
0
0
0
0
0
0
0
0
0
0
0
0
0
0
0
0
0
0
0
0
0
0
0
0
0
0
0
0
0
0
0
0
0
0
0
0
0
0
0
0
0
0
0
0
0
0
0
0
0
0
0
0
0
0
0
0
0
0
0
0
0
0
0
0
0
0
0
0
0
0
0
0
0
0
0
0
0
0
0
0
0
0
0
0
0
0
0
0
0
0
0
0
0
0
0
0
0
0
0
0
0
0
0
0
0
0
0
0
0
0
0
0
0
0
0
0
0
0
0
0
0
0
0
0
0
0
0
0
0
0
0
0
0
0
0
0
0
0
0
0
0
0
0
0
0
0
0
0
0
0
0
0
0
0
0
0
0
0
0
0
0
0
0
0
0
0
0
0
0
0
0
0
0
0
0
0
0
0
0
0
0
0
0
0
0
0
0
0
0
0
0
0
0
0
0
0
0
0
0
0
0
0
0
0
0
0
0
0
0
0
0
0
0
0
0
0
0
0
0
0
0
0
0
0
0
0
0
0
0
0
0
0
0
0
0
0
0
0
0
0
0
0
0
0
0
0
0
0
0
0
0
0
0
0
0
0
0
0
0
0
0
0
0
0
0
0
0
0
0
0
0
0
0
0
0
0
0
0
0
0
0
0
0
0
0
0
0
0
0
0
0
0
0
0
0
0
0
0
0
0
1
0
0
1
1
0
0
0
1
0
0
0
0
0
0
1
1
0
1
0
0
0
0
0
0
1
0
1
0
1
0
1
0
1
0
0
0
0
1
2
0
0
0
0
0
0
0
0
0
0
0
0
0
0
0
0
0
1
0
1
0
0
0
1
1
0
0
2
0
0
0
0
1
0
0
0
1
0
0
0
0
0
0
0
0
0
0
0
0
0
0
0
2
0
0
0
1
0
0
0
0
0
1
2
1
0
0
0
0
0
1
0
0
0
0
0
0
0
0
1
0
0
0
1
0
1
0
0
1
0
0
1
0
0
0
1
1
0
0
0
0
1
0
0
0
0
1
1
0
0
1
0
0
0
0
0
0
0
0
0
0
0
0
0
1
1
1
0
1
2
0
0
0
0
1
0
0
2
0
0
1
0
0
0
1
1
1
1
3
1
0
0
1
0
0
2
0
0
0
1
1
0
0
0
1
0
2
0
0
2
0
0
0
1
0
0
0
1
0
1
2
1
2
0
0
0
0
0
0
0
1
0
1
2
1
1
0
0
1
1
0
2
1
2
1
1
1
0
0
1
0
1
0
1
1
2
2
2
2
3
5
1
5
3
2
3
6
6
6
5
4
6
6
2
5
4
5
8
5
7
8
7
8
5
5
2
6
4
9
5
7
10
3
6
5
6
7
1
5
3
3
5
2
2
4
3
4
3
2
0
3
5
1
4
2
2
3
0
1
3
1
2
2
1
2
1
1
4
2
2
4
3
1
2
2
3
1
1
5
3
3
3
1
1
1
0
1
2
0
1
0
0
0
0
1
1
1
0
0
0
0
1
1
0
1
0
1
0
0
1
1
0
1
1
1
3
0
2
1
2
3
1
0
1
1
1
0
2
2
2
0
1
0
1
1
2
1
2
0
0
1
2
0
1
3
1
1
3
0
0
0
0
0
2
1
0
1
1
0
1
0
1
0
1
1
2
0
1
1
1
2
0
0
2
0
0
0
0
0
0
0
0
0
0
0
1
0
0
0
0
0
0
0
1
0
0
1
1
1
1
0
1
1
1
1
0
0
2
0
3
2
0
0
0
1
3
1
0
0
2
2
0
0
0
3
3
6
0
3
3
4
3
2
3
2
4
4
5
3
3
10
6
3
3
1
3
3
5
3
5
3
5
5
4
3
3
4
1
6
4
2
1
4
4
1
3
6
2
3
5
4
6
4
0
2
1
3
0
1
1
1
1
2
1
1
3
0
0
1
1
0
3
2
0
1
0
0
0
1
1
2
0
1
0
0
1
0
0
0
0
0
1
0
1
1
0
0
1
0
1
0
0
0
2
0
0
0
0
1
0
0
1
1
0
2
0
1
0
0
1
2
0
0
0
0
0
0
0
0
0
1
0
1
0
1
0
0
1
0
1
0
0
2
0
0
0
1
0
0
1
2
1
2
0
1
0
0
0
2
0
0
0
0
0
0
0
0
0
0
0
0
0
1
0
0
0
0
1
0
0
3
0
1
0
0
0
1
0
1
0
0
0
0
0
2
1
0
0
0
1
0
1
1
3
0
1
0
2
2
0
1
0
1
0
1
3
0
1
0
1
1
2
1
2
1
1
2
4
0
2
2
0
1
3
0
6
1
5
5
2
2
5
2
4
3
0
2
3
2
5
3
4
2
3
4
1
4
1
1
4
2
2
7
2
2
1
2
1
1
4
2
0
5
1
2
1
1
4
4
0
1
3
1
1
0
3
1
1
0
0
0
1
0
3
2
1
0
1
3
0
1
0
2
1
2
0
0
0
0
1
1
2
0
1
0
3
1
3
2
1
0
0
1
1
1
1
1
1
3
1
2
1
1
0
1
0
2
3
2
1
0
2
1
3
0
2
0
1
2
1
4
2
1
0
2
2
0
0
0
2
0
2
4
1
1
3
2
0
3
3
2
1
3
0
3
1
2
3
1
3
5
2
2
0
2
0
0
1
5
1
1
3
3
1
2
1
1
2
1
5
3
4
4
3
1
5
6
1
3
3
2
3
3
4
4
2
2
3
3
2
3
6
2
1
3
3
2
7
3
6
3
2
2
1
0
1
5
2
2
3
1
3
7
1
3
1
4
2
1
2
1
2
0
1
0
2
1
1
3
0
2
1
0
0
2
1
0
2
1
1
0
0
2
2
1
0
1
3
0
0
0
0
1
2
0
1
2
5
0
1
0
1
1
0
1
4
0
0
4
0
1
0
4
0
1
2
0
2
3
3
3
4
0
2
3
1
2
2
2
5
4
0
3
4
1
0
2
4
4
4
3
3
0
3
4
9
5
9
6
1
1
8
5
2
4
6
7
6
4
3
2
5
4
4
6
3
6
2
9
6
12
9
4
5
10
6
6
8
6
9
4
6
6
4
0
3
5
7
8
3
6
2
6
3
6
3
5
4
6
1
6
4
2
2
2
4
4
8
4
7
9
10
3
8
3
6
4
6
4
8
6
11
3
19
8
3
8
7
8
1
8
10
9
8
6
11
4
8
9
2
11
6
12
8
6
8
6
4
6
7
4
4
5
7
5
3
7
7
7
4
4
7
8
6
9
7
7
6
9
2
4
3
4
2
2
1
3
5
4
5
6
4
3
3
2
3
2
4
7
1
4
5
4
1
3
2
2
1
2
2
5
2
3
3
6
3
4
3
3
2
4
2
2
3
3
4
1
5
3
4
1
3
0
1
2
1
1
4
5
1
2
1
3
2
1
4
3
6
0
2
3
1
3
3
0
2
3
3
3
4
2
4
3
0
5
0
1
1
2
1
2
1
2
1
2
2
3
3
2
3
3
1
1
1
0
1
2
3
1
6
1
0
1
2
3
1
4
0
0
1
1
2
2
1
2
1
2
7
3
2
5
2
1
1
2
3
2
1
1
2
2
5
3
4
3
2
2
3
3
2
1
3
6
6
5
1
3
3
3
2
4
1
3
3
8
4
1
3
5
1
7
3
4
3
2
2
2
5
5
6
6
3
6
1
4
11
5
7
2
4
3
2
4
6
4
9
9
4
8
5
8
2
3
7
4
9
4
7
7
10
8
12
14
5
8
11
20
10
13
7
9
11
11
13
18
16
19
26
29
19
25
24
45
28
56
48
54
53
67
92
87
85
95
111
122
157
186
158
217
163
249
258
326
338
370
411
389
507
470
590
613
694
770
741
880
893
999
981
1158
1165
1267
1370
1372
1429
1468
1604
1620
1770
1840
1863
2033
1894
2095
2034
2229
2109
2242
2228
2160
2282
2243
2304
2216
2282
2201
2274
2245
2123
2174
1948
2130
1838
1860
1837
1635
1731
1605
1580
1390
1447
1306
1225
1188
1037
1077
928
932
784
786
737
654
620
526
500
472
428
392
375
340
279
265
212
205
172
165
133
146
111
92
100
75
62
50
70
31
53
28
31
37
27
25
18
13
17
18
13
8
8
13
10
13
8
8
6
13
8
3
1
6
7
6
2
5
14
9
6
10
6
4
9
6
10
9
6
7
6
10
12
10
6
12
5
6
9
7
4
11
8
5
11
6
7
8
6
9
10
5
6
7
9
8
14
11
8
10
9
13
15
11
8
9
10
8
9
15
15
9
17
19
22
19
24
10
19
19
26
28
24
36
45
49
44
41
50
44
66
50
57
71
83
75
74
78
94
90
109
115
113
117
142
149
187
177
184
236
202
237
227
258
227
281
276
260
291
300
306
308
332
305
339
302
347
378
355
380
342
343
368
371
334
355
350
319
367
315
346
306
289
295
271
259
271
273
251
235
222
226
202
204
179
135
155
147
141
125
114
113
103
91
74
68
69
68
47
48
41
48
40
36
41
33
25
21
23
17
22
22
8
10
13
10
7
8
6
4
4
7
1
2
4
4
0
0
0
0
0
2
1
0
1
0
1
0
1
2
0
0
1
0
0
1
0
0
1
1
0
0
0
0
1
1
2
0
0
0
0
1
0
1
0
0
0
1
0
0
0
0
0
0
0
2
0
0
1
1
0
0
0
0
0
0
1
0
0
1
0
0
0
1
1
1
0
0
1
1
0
0
0
0
0
0
1
0
0
0
0
1
0
0
2
0
0
0
0
1
1
3
0
1
0
0
2
0
0
1
0
0
0
2
0
1
1
0
1
0
2
0
0
1
0
1
0
0
1
0
1
2
1
0
3
1
1
0
0
0
1
0
0
1
1
0
0
1
0
1
3
1
0
2
0
1
0
0
0
0
1
0
0
0
2
0
0
0
0
2
0
0
1
0
0
0
0
0
0
0
0
0
1
1
0
0
0
1
1
0
0
0
0
0
1
3
0
0
2
0
0
0
0
1
0
0
0
0
0
0
1
1
0
0
0
0
0
0
0
1
0
0
0
0
0
0
1
1
0
0
1
0
1
0
0
0
0
0
0
1
0
0
0
0
2
1
0
0
0
0
1
0
0
1
0
1
1
0
0
0
1
1
0
0
1
0
0
0
0
0
0
0
0
1
0
0
0
0
0
0
0
1
2
0
2
0
2
0
0
1
1
0
0
0
1
0
0
0
0
0
1
0
2
0
0
0
1
0
0
0
1
0
1
0
0
1
0
0
0
0
0
1
1
0
0
0
0
1
0
0
1
1
0
1
1
0
0
0
0
0
1
0
0
1
0
0
0
0
0
0
1
0
0
0
0
0
0
0
1
0
0
0
0
0
1
0
0
0
1
1
0
0
0
0
1
0
1
0
1
0
1
0
0
0
0
0
0
0
1
0
0
1
0
0
0
0
1
0
0
0
0
0
0
0
0
0
1
1
2
2
0
0
0
1
0
1
2
3
1
1
0
3
0
2
0
0
1
2
0
1
1
2
0
0
0
0
1
1
0
0
0
2
0
1
0
0
1
0
0
1
2
0
0
0
1
0
1
0
0
1
0
0
0
1
0
1
1
0
1
0
0
0
0
1
1
1
1
0
0
0
0
0
0
0
0
0
0
0
0
0
1
0
1
1
0
0
0
3
0
0
0
1
1
0
0
0
2
0
1
0
0
0
1
0
0
0
0
0
0
1
0
0
0
0
1
1
1
0
0
1
1
1
0
1
1
0
0
0
2
0
0
0
1
1
1
0
0
0
1
0
2
0
0
0
0
0
0
1
1
0
1
0
0
0
1
1
0
1
2
1
0
0
1
0
1
0
2
1
0
1
0
0
0
1
4
0
1
0
1
1
0
3
0
1
0
1
2
3
3
1
0
0
1
1
1
1
0
3
2
2
0
0
0
0
1
2
0
0
0
1
1
0
0
2
2
1
0
3
1
1
0
0
0
1
2
2
2
1
2
0
1
2
1
1
0
1
0
1
1
0
0
1
1
0
0
2
2
1
1
1
0
0
1
1
1
0
2
1
1
1
1
1
2
0
0
1
0
0
1
0
0
3
0
0
0
1
0
0
0
0
2
0
0
1
0
0
1
1
0
1
1
0
0
0
0
0
0
0
1
0
2
0
0
0
2
0
1
0
2
0
2
0
0
0
0
1
0
0
0
0
0
0
1
1
1
0
0
0
0
2
0
1
0
0
0
0
1
0
1
0
0
1
0
0
0
1
0
0
2
1
0
0
1
1
0
0
0
0
1
0
1
0
0
0
0
0
0
0
0
1
1
1
1
0
1
0
0
0
2
1
1
1
0
0
0
1
0
0
0
0
0
1
1
0
0
0
1
0
0
0
2
1
0
0
0
1
0
0
2
0
1
0
1
0
0
0
0
0
0
0
0
1
1
0
1
0
1
1
1
1
0
1
0
1
1
0
1
0
0
0
0
0
1
0
0
0
0
0
0
1
0
2
2
0
2
0
0
0
0
2
0
1
0
0
1
0
1
1
1
1
1
2
0
2
0
0
1
0
2
1
0
0
1
0
1
1
0
0
0
0
1
1
0
0
1
0
1
0
0
1
0
0
1
0
2
1
1
0
0
0
0
1
4
0
0
0
0
0
0
1
1
1
0
1
0
1
0
1
1
0
1
1
0
0
2
0
1
0
1
0
0
1
0
1
1
0
1
0
0
1
2
0
0
0
0
0
0
1
1
1
0
0
1
0
0
0
0
1
0
1
0
1
0
0
2
0
1
1
0
1
0
2
1
0
0
1
0
0
0
0
0
1
0
0
0
0
0
0
1
1
1
0
0
0
0
0
0
1
0
1
0
1
0
0
0
0
0
0
1
1
0
0
0
0
0
1
0
1
0
1
0
0
0
0
0
0
0
0
1
0
0
0
4
1
0
0
0
0
0
1
0
1
1
0
0
0
0
0
0
0
0
0
0
0
1
0
1
0
0
0
0
2
0
2
0
1
0
0
0
0
0
0
1
2
0
0
0
1
1
0
0
1
1
0
1
1
0
0
1
0
0
0
1
0
1
1
0
0
2
0
1
0
0
1
0
2
1
1
2
2
0
1
1
0
1
0
1
0
1
3
0
0
1
2
2
0
0
0
2
0
0
1
1
0
2
1
1
1
0
0
1
0
0
2
1
2
1
1
0
2
1
2
0
2
1
0
0
1
0
0
1
2
2
1
0
0
1
2
0
2
0
2
1
2
0
2
0
1
0
1
1
0
0
0
1
2
2
0
1
1
0
0
3
1
0
1
1
0
2
2
1
0
2
2
1
0
0
1
2
2
2
1
2
0
1
0
1
1
1
3
1
1
1
2
1
0
0
0
1
0
2
0
0
1
0
0
2
0
1
0
2
0
2
0
2
0
1
1
1
1
1
0
0
0
1
0
1
0
0
0
0
2
0
0
0
0
0
0
0
0
1
0
1
2
0
0
0
3
0
1
0
1
1
1
0
3
1
2
0
0
2
0
0
0
0
0
0
0
0
1
0
0
0
2
0
0
0
0
0
1
1
1
0
0
0
0
0
1
0
2
0
0
0
2
1
0
2
1
0
0
1
0
0
0
1
2
0
2
0
1
2
0
1
0
0
1
1
1
0
0
0
2
0
1
0
0
0
0
1
1
0
0
0
0
0
0
2
1
1
1
2
1
1
0
1
2
0
0
0
3
0
0
0
0
1
1
0
1
0
2
3
0
0
1
0
0
2
0
0
3
1
1
0
1
0
0
1
1
0
0
0
1
0
0
1
2
1
0
2
1
2
0
0
2
1
0
0
2
0
0
0
0
0
0
0
2
0
0
0
1
2
1
1
0
0
0
2
0
2
1
0
1
0
0
2
1
1
1
2
0
2
0
1
1
1
0
1
1
3
2
1
2
1
3
3
0
0
1
1
0
3
4
2
1
1
3
6
1
2
3
3
4
6
3
4
8
4
2
5
11
7
4
13
13
11
10
8
6
26
13
17
13
8
12
13
23
20
21
28
18
23
19
23
34
22
46
38
27
44
39
44
48
33
48
40
49
55
64
49
51
43
46
59
54
64
49
69
61
52
58
68
46
54
48
71
48
48
50
50
52
46
47
34
54
47
68
48
42
31
32
30
39
29
47
32
23
31
36
21
30
28
23
18
19
20
17
14
17
16
9
15
10
6
13
7
6
9
11
6
7
12
9
2
5
6
4
2
6
4
4
5
4
2
2
2
2
2
3
3
1
2
1
1
0
1
2
0
0
0
1
0
1
0
1
0
0
1
3
1
0
0
1
1
0
1
1
0
1
1
0
1
2
0
1
0
2
2
0
1
2
1
0
0
4
0
1
2
2
1
3
1
0
1
3
4
2
3
2
2
1
0
3
0
1
4
0
0
5
4
3
5
5
3
1
1
4
2
1
6
4
3
7
3
10
7
5
9
5
6
8
7
3
8
10
6
8
11
7
12
9
12
6
14
15
10
7
8
17
11
12
19
19
9
12
20
13
18
21
13
15
22
16
22
14
18
23
16
20
21
12
13
22
22
9
17
14
11
14
9
10
19
11
10
18
9
15
15
10
11
15
7
9
10
12
7
8
12
9
9
7
5
11
5
10
3
6
2
6
4
1
3
2
5
6
1
5
0
2
3
3
3
0
2
4
4
0
1
1
2
1
0
2
2
2
0
1
0
1
1
0
2
1
0
0
1
0
2
0
1
0
4
2
0
1
0
1
0
0
1
1
0
0
0
0
0
0
1
0
0
1
0
0
0
0
0
0
0
0
0
0
0
0
0
0
1
0
1
0
1
0
0
0
0
2
0
0
0
2
1
0
0
0
0
0
1
0
2
0
0
1
0
0
1
0
1
0
2
1
0
0
2
1
2
0
2
0
1
1
2
1
0
1
1
2
1
0
0
0
1
3
3
2
2
2
2
1
1
3
1
2
1
0
1
3
2
0
1
0
1
1
5
2
4
3
2
1
5
4
1
1
2
1
3
2
3
4
1
1
1
2
1
4
0
2
2
1
1
3
0
1
1
0
1
2
1
0
2
2
0
0
2
1
1
1
0
2
0
0
1
0
0
1
0
1
0
0
1
0
0
3
0
0
0
0
0
0
0
1
0
0
0
0
0
1
1
0
0
2
0
1
0
0
0
2
1
0
0
0
0
0
0
0
1
0
0
1
0
0
1
1
1
0
0
0
0
0
1
1
1
1
0
1
0
0
0
2
0
0
2
0
0
0
3
0
0
0
1
0
0
0
0
0
0
0
0
0
0
0
0
0
0
0
0
0
0
0
1
1
0
1
1
0
1
2
0
0
0
1
1
0
0
2
1
0
0
0
2
0
0
1
1
0
0
0
1
0
0
3
0
0
0
1
0
0
0
0
0
0
1
0
0
0
0
0
0
1
0
0
0
0
1
2
0
0
1
0
0
0
1
0
0
0
0
0
0
0
0
1
0
0
0
1
1
0
0
0
0
1
1
1
0
1
0
0
0
0
0
2
0
0
0
3
1
1
1
0
0
0
0
0
0
0
4
1
0
0
0
0
0
0
1
0
0
0
0
0
0
0
0
0
0
0
0
0
1
0
0
0
0
1
0
1
0
0
1
0
1
0
0
0
0
0
0
0
1
0
0
0
0
0
0
0
0
2
0
1
0
3
0
1
0
0
0
0
0
0
0
1
0
2
0
1
0
0
0
0
1
0
0
1
0
0
1
1
0
0
1
1
0
0
0
0
0
1
0
0
1
1
1
0
0
2
1
0
1
0
0
2
0
1
0
0
0
0
0
1
0
0
0
0
0
1
0
0
1
1
0
0
0
0
0
0
0
0
0
0
1
0
0
0
0
0
2
0
0
0
0
0
0
0
0
0
2
1
0
0
0
0
0
0
0
0
0
0
0
1
0
0
1
0
0
0
0
1
0
0
0
1
0
1
0
0
0
0
0
1
0
1
0
1
0
0
1
1
1
1
0
0
0
1
0
1
0
1
1
0
1
1
0
0
0
0
1
2
0
1
0
0
0
0
1
0
1
0
0
0
0
0
0
0
1
1
0
0
0
1
0
2
0
0
0
0
1
1
1
2
0
0
1
1
0
0
2
0
0
0
1
1
0
0
1
0
0
0
0
0
0
0
0
1
0
1
0
0
1
0
0
0
0
0
1
1
0
0
0
0
0
0
0
1
0
0
0
0
1
1
0
0
0
0
1
0
0
2
1
0
0
0
0
0
0
0
1
1
1
0
0
0
0
0
1
0
0
1
1
0
2
1
0
0
0
0
0
1
0
1
0
0
0
0
1
0
1
1
0
1
1
0
0
1
0
0
1
0
1
0
2
0
1
1
0
1
0
0
0
1
1
3
0
0
0
0
1
1
0
1
0
0
0
1
0
0
0
0
0
2
0
0
2
0
0
1
0
0
0
0
0
0
0
0
0
0
1
0
1
1
2
0
0
1
0
0
0
0
1
1
0
0
0
1
1
2
0
3
0
0
0
2
0
0
0
0
0
0
1
0
1
2
0
1
0
2
0
1
0
1
0
0
1
0
0
2
1
2
0
0
1
0
0
0
0
0
0
1
0
0
0
1
0
2
0
0
1
3
1
2
0
1
1
0
0
0
0
0
1
1
2
1
1
1
0
0
0
2
1
1
0
0
0
1
1
0
0
0
2
1
0
1
0
1
0
0
0
0
0
0
0
0
0
1
0
1
0
1
0
0
0
1
0
0
0
0
0
0
1
1
0
0
1
0
1
0
1
1
0
1
0
0
1
1
0
1
1
1
0
0
1
0
0
1
0
0
0
0
0
0
0
1
0
1
0
0
1
1
0
2
0
0
1
0
0
0
0
0
0
0
0
1
1
0
1
1
0
3
1
0
0
1
1
1
0
0
1
0
0
1
2
1
0
0
0
0
1
0
0
0
0
0
0
1
1
1
0
1
0
1
0
1
0
1
2
2
0
2
1
1
0
1
0
0
0
0
1
1
0
0
0
1
0
2
1
0
0
1
0
0
0
0
0
0
2
1
1
0
0
0
0
2
0
0
1
0
0
1
0
1
0
1
1
2
0
1
1
0
2
2
0
1
0
2
1
3
1
1
2
0
1
0
4
0
2
0
1
0
1
2
1
0
3
0
1
2
0
3
1
2
1
2
3
2
2
2
3
1
2
0
3
3
0
1
0
2
1
0
2
2
2
0
1
1
1
2
0
1
2
2
1
2
0
1
1
1
1
1
1
0
1
2
1
0
2
2
2
2
2
0
0
1
1
0
0
0
1
3
0
0
1
0
0
1
0
0
0
1
0
0
0
0
0
1
0
1
0
0
0
0
0
0
0
0
0
0
0
0
0
0
3
0
2
1
0
1
1
0
0
0
0
0
0
0
0
0
0
0
0
0
0
0
0
0
0
0
1
1
0
0
1
0
0
1
0
0
0
1
0
0
0
0
0
0
0
0
0
0
0
0
0
0
1
0
0
0
1
1
0
0
0
0
3
0
1
0
0
0
0
0
0
1
0
1
0
0
0
0
1
2
0
0
2
1
0
0
0
0
0
0
0
0
0
0
1
0
0
0
0
0
0
2
0
0
1
0
0
0
0
0
0
1
0
2
0
1
0
0
0
0
0
0
0
0
0
0
0
0
0
0
2
0
0
0
0
0
0
1
0
0
0
0
0
0
0
0
0
1
1
0
0
0
0
1
1
0
1
1
0
0
0
0
0
0
1
0
0
0
1
0
0
0
1
1
0
1
0
1
0
0
1
2
0
2
0
0
1
0
0
0
0
0
1
0
0
0
1
0
0
0
0
0
0
0
0
0
1
0
0
0
0
1
0
0
1
0
0
1
0
0
0
0
0
0
0
0
0
1
0
0
0
1
1
0
1
0
0
0
1
0
2
0
0
1
0
1
0
2
1
0
0
0
0
0
0
1
0
0
0
0
0
0
1
0
0
0
0
1
0
1
1
0
0
1
0
0
0
0
0
0
0
1
0
0
0
0
2
0
0
1
1
0
1
1
0
1
0
0
0
1
0
1
0
0
0
0
0
1
1
0
1
0
0
0
0
0
0
0
1
0
0
0
2
0
0
1
0
1
0
2
1
1
0
1
0
0
0
0
0
0
1
1
1
1
1
0
0
3
1
0
0
0
1
0
1
2
1
4
0
1
0
2
2
1
4
2
2
0
0
0
1
0
0
1
3
2
2
1
1
0
1
1
0
0
1
0
0
0
0
1
2
1
0
0
0
0
2
1
1
0
0
1
0
0
1
0
1
0
1
0
0
2
2
1
0
0
0
0
3
0
2
0
0
0
0
1
0
0
0
0
1
1
0
0
1
1
0
0
0
1
0
0
0
1
1
0
0
0
1
0
1
0
0
1
0
0
0
0
0
0
0
0
0
1
0
0
0
0
0
1
0
0
0
0
0
0
0
0
0
0
0
0
0
0
0
0
0
0
0
0
0
1
0
1
0
0
0
0
1
0
1
0
0
0
0
0
0
1
1
0
0
0
0
1
1
0
0
2
0
1
0
0
0
2
0
1
1
1
0
0
1
1
1
2
0
1
0
1
0
2
1
0
0
1
0
0
0
0
0
3
2
0
0
1
1
1
0
1
1
2
1
1
1
0
0
0
0
0
1
0
0
1
0
1
0
0
0
2
0
0
0
0
1
0
0
0
0
1
2
0
1
0
0
1
0
0
0
1
0
2
2
1
0
0
0
1
1
0
0
0
1
0
0
0
0
0
0
0
1
1
0
0
0
0
0
0
1
1
1
0
1
0
0
0
1
0
0
0
0
0
0
0
0
0
0
0
0
0
0
0
0
1
0
0
0
0
0
0
0
0
0
0
0
0
1
0
0
0
0
0
1
1
0
0
0
0
1
1
1
0
0
0
0
0
0
0
0
2
0
0
0
0
0
1
0
0
0
0
0
0
1
1
0
0
0
0
0
0
0
0
0
0
0
0
0
0
0
0
0
1
0
0
0
0
0
0
1
0
0
0
0
0
0
0
0
0
1
0
2
0
0
0
0
1
0
1
0
0
1
0
0
0
0
0
0
0
0
0
2
0
0
1
0
0
1
0
0
1
0
0
1
0
0
0
0
1
0
0
1
1
0
0
1
0
0
0
0
0
0
1
0
0
0
0
1
0
1
0
0
0
1
0
0
0
0
0
0
1
0
0
1
0
0
3
0
1
0
1
1
0
0
1
0
0
1
1
2
1
0
0
0
1
0
0
0
0
0
0
0
0
2
0
0
2
0
0
0
1
1
0
1
0
0
0
0
0
0
1
0
0
0
0
0
0
0
0
0
0
0
0
1
0
0
0
0
0
0
0
0
0
0
0
0
0
0
0
0
0
0
1
0
0
0
0
1
1
0
0
1
0
0
1
1
0
1
0
0
2
0
0
0
0
0
0
0
0
0
0
0
1
1
0
0
0
1
0
0
0
0
0
1
0
1
0
0
0
0
1
0
0
0
0
0
1
0
0
0
1
0
0
0
0
0
0
0
1
0
1
0
0
0
0
0
0
0
1
1
1
0
0
0
0
0
0
0
0
0
0
0
0
0
0
0
0
0
0
0
0
0
0
0
0
1
0
0
0
0
0
0
0
0
1
0
0
1
0
0
0
0
0
0
0
0
0
0
0
0
0
0
0
0
0
0
0
0
0
0
1
1
1
0
0
0
0
0
0
0
0
0
0
0
0
1
0
0
0
0
0
0
0
0
0
0
0
0
0
0
0
0
0
0
0
0
1
0
0
1
1
0
0
0
1
0
0
0
1
0
0
0
0
0
0
0
1
0
0
0
0
0
1
0
0
0
1
0
0
2
0
1
0
0
0
0
0
0
1
0
0
0
0
0
1
0
0
0
1
0
0
0
0
0
1
0
0
0
0
1
0
0
0
1
0
2
0
1
0
0
0
0
0
0
0
0
0
0
1
0
1
0
0
0
0
0
0
1
1
0
0
0
0
1
0
0
0
0
0
0
1
0
0
0
0
1
0
0
0
0
1
0
0
0
0
0
0
0
1
0
0
1
0
0
0
1
1
0
1
0
0
0
0
0
0
0
0
1
0
0
1
0
1
1
0
0
0
0
1
1
0
0
0
1
0
0
0
0
0
0
0
1
0
0
0
0
0
1
0
1
0
0
0
0
0
0
0
0
0
0
0
0
0
0
0
0
0
0
0
0
0
0
0
1
0
0
0
0
0
0
0
0
0
0
0
0
0
0
1
1
0
0
0
0
1
0
0
1
0
1
0
1
0
0
0
0
0
0
0
0
0
0
0
0
0
0
1
0
0
0
1
0
0
0
0
0
0
0
2
0
0
0
0
0
0
0
0
0
0
0
1
0
0
0
0
1
0
0
0
0
1
0
1
1
0
0
0
0
0
0
0
1
0
0
0
0
0
1
0
1
1
0
0
0
0
1
0
0
0
0
0
0
1
1
0
0
0
0
0
0
0
0
0
0
0
0
1
0
0
0
0
0
0
0
0
0
0
0
0
0
0
0
0
0
0
0
0
0
0
0
0
0
0
0
0
0
0
1
0
0
0
0
0
0
0
0
0
1
0
0
1
0
0
1
0
0
0
0
0
0
0
0
0
0
0
0
2
0
0
2
1
0
0
0
0
0
0
0
1
0
0
0
0
1
0
0
0
0
0
0
0
0
0
0
0
0
0
0
0
1
1
0
0
0
0
0
0
0
1
0
0
0
0
0
0
0
3
0
0
0
0
1
0
0
0
1
0
0
0
0
1
0
1
0
0
0
0
0
0
0
0
0
0
0
0
0
1
1
0
0
0
0
0
0
1
0
0
0
0
0
0
0
0
0
0
0
0
1
0
0
0
0
0
0
0
0
0
1
0
1
0
0
0
0
1
0
0
0
0
0
0
0
0
0
0
1
0
0
0
0
0
0
0
0
0
0
0
0
0
0
0
0
0
1
0
1
0
0
0
0
0
0
0
1
0
0
0
0
0
0
0
0
0
0
0
0
1
0
0
0
0
0
0
0
0
0
0
0
0
0
0
0
0
0
0
0
0
0
0
0
0
0
0
0
0
1
0
0
1
1
0
0
0
0
0
0
0
0
0
0
0
0
0
0
1
1
0
0
0
0
0
0
0
0
0
0
0
0
1
0
0
0
0
0
1
0
0
0
1
0
0
0
0
0
0
0
0
1
0
0
0
0
0
0
0
0
0
0
1
0
0
0
1
0
0
0
0
1
0
1
0
0
0
0
0
0
0
0
0
0
0
0
1
0
1
0
1
0
0
0
0
0
0
0
0
0
0
0
1
0
0
1
0
0
0
0
0
0
1
0
0
2
0
1
1
0
1
0
2
0
0
0
0
0
1
0
0
0
0
0
0
1
0
0
1
0
0
1
1
0
0
0
0
1
0
0
0
0
0
0
0
0
1
1
0
1
0
0
0
0
0
1
0
2
0
0
0
0
0
0
0
0
1
0
0
0
0
0
0
0
0
0
0
1
0
0
0
2
0
0
0
0
0
0
0
0
0
0
0
1
0
0
0
0
0
0
0
1
0
0
0
2
0
0
0
1
0
0
0
0
0
1
1
0
0
0
0
0
0
0
0
0
0
0
0
0
0
0
0
0
0
0
0
0
0
0
0
0
0
0
0
0
0
1
1
0
0
0
0
0
0
0
1
0
0
0
0
0
0
0
0
0
0
0
0
0
0
0
0
0
0
0
1
0
0
0
1
0
0
0
0
0
0
0
0
0
0
1
1
0
0
0
0
0
1
0
0
1
0
0
0
0
0
0
0
0
0
1
0
0
0
1
0
0
0
0
0
0
0
0
0
0
0
0
0
0
0
0
0
0
0
0
1
0
0
0
0
0
0
0
0
0
0
0
0
1
0
0
0
0
0
0
0
0
0
0
0
1
0
1
1
0
0
0
0
0
0
0
0
1
1
0
1
0
0
0
0
0
0
0
1
0
0
0
0
0
0
0
1
0
0
0
0
0
0
0
0
0
0
0
0
1
0
0
0
0
0
1
0
1
0
0
0
0
0
0
0
0
0
0
0
0
0
0
0
0
0
0
0
0
0
0
1
0
0
0
0
0
0
0
0
0
0
0
2
1
0
0
0
0
0
0
0
0
0
0
0
0
0
0
0
0
0
0
0
0
1
0
0
0
0
0
0
0
0
0
0
1
0
0
0
0
0
0
0
0
0
0
0
0
0
0
0
0
0
1
0
0
0
0
0
0
0
0
1
0
0
1
0
0
0
0
0
0
0
1
0
0
0
0
0
0
0
0
0
0
0
0
0
0
0
0
0
0
0
0
0
0
0
0
0
0
0
0
0
0
0
1
0
0
0
0
0
0
0
0
0
0
0
0
0
0
0
0
0
0
0
0
1
0
0
0
0
0
0
0
0
0
0
0
0
0
0
0
0
0
1
0
0
0
0
0
1
0
1
0
0
0
1
0
0
0
0
0
0
0
0
1
0
0
0
0
0
0
0
0
1
0
0
0
0
0
0
0
0
0
0
1
0
0
0
0
0
0
0
0
0
0
0
0
0
0
0
0
0
0
0
0
0
1
0
0
0
0
0
0
0
0
0
0
0
0
0
0
0
1
0
0
0
0
1
0
0
0
0
0
0
0
0
0
0
0
1
0
1
0
0
0
0
0
1
0
1
0
0
1
0
0
0
1
0
0
0
0
0
0
0
1
0
0
0
0
0
0
0
0
0
0
0
0
1
0
0
0
0
0
1
0
0
1
0
0
0
1
0
0
1
0
0
0
0
0
1
0
0
0
0
0
0
0
0
0
0
0
0
0
0
0
0
0
0
0
0
0
0
0
0
0
0
0
0
0
0
0
0
1
1
0
0
0
0
0
1
0
0
0
0
0
0
0
0
0
0
0
0
0
0
2
0
0
0
0
0
0
0
0
0
0
0
0
0
0
0
0
0
0
0
0
0
0
0
0
0
0
0
0
1
0
0
0
0
0
0
0
0
0
0
0
0
0
0
1
1
0
0
0
0
0
1
0
0
0
0
0
0
0
0
0
0
0
0
0
0
0
0
0
1
1
0
0
0
0
0
0
0
0
0
0
0
0
0
0
0
0
1
0
0
0
0
0
0
0
0
0
0
0
0
0
0
0
0
0
0
0
0
0
0
0
0
0
0
0
0
0
0
0
0
0
1
0
0
0
0
0
0
0
0
0
0
0
0
0
0
0
1
0
0
0
0
0
0
0
0
0
0
0
0
0
0
0
0
0
0
0
0
0
0
1
0
0
0
0
0
0
0
0
0
0
0
0
0
0
1
1
0
0
0
0
1
0
0
0
0
0
0
0
0
0
0
0
1
0
0
1
0
0
0
0
0
0
0
0
0
0
0
0
1
0
0
0
0
0
0
0
0
0
0
0
0
0
0
0
0
0
0
0
0
0
0
0
0
0
0
0
0
0
0
0
0
0
0
0
0
0
0
0
0
0
0
0
0
1
0
0
0
0
0
0
0
0
0
0
0
0
0
0
0
0
1
0
0
0
0
0
0
0
0
0
0
0
0
0
0
0
0
0
0
0
0
0
1
0
0
0
0
0
0
0
0
1
0
1
0
1
0
0
0
0
0
0
0
0
0
0
0
0
1
0
0
0
0
0
0
0
0
0
0
0
0
0
0
0
0
0
0
0
0
1
0
0
0
0
0
0
0
0
0
0
0
0
0
0
0
0
0
0
0
0
0
0
0
0
0
0
0
0
0
0
0
0
0
0
0
0
1
0
0
0
0
0
0
0
0
1
0
1
1
0
0
0
0
0
0
0
0
0
0
0
0
0
0
0
0
0
0
0
0
0
0
0
0
0
0
0
0
0
0
0
0
0
0
0
0
0
0
0
0
0
0
0
0
0
0
0
0
0
0
0
1
0
1
0
0
0
1
0
0
0
0
1
0
0
0
2
0
0
1
0
0
0
0
0
0
0
0
0
0
0
0
0
0
0
0
0
1
0
0
0
0
0
0
0
0
0
0
0
0
0
0
0
0
0
0
0
0
0
0
0
0
0
0
0
0
0
0
0
0
0
0
0
0
0
0
0
0
0
0
0
0
0
0
0
0
0
0
0
0
0
0
0
0
0
0
0
0
0
0
0
0
0
0
0
0
0
0
0
0
0
0
0
0
0
0
0
0
0
0
0
0
0
0
0
0
0
0
0
0
0
0
0
0
0
0
0
0
0
0
0
0
0
0
0
0
0
0
0
0
0
0
0
0
0
0
0
0
0
0
0
0
0
0
0
0
0
0
0
0
0
0
0
0
0
0
0
0
0
0
0
0
0
0
0
0
0
0
0
0
0
0
0
0
0
0
0
0
0
0
0
0
0
0
0
0
0
0
0
0
0
1
0
0
0
0
<<END>>
<<DP5 CONFIGURATION>>
RESC=?;    Reset Configuration
CLCK=20;    20MHz/80MHz
TPEA=32.000;    Peaking Time
GAIF=0.9727;    Fine Gain
GAIN=29.999;    Total Gain (Analog * Fine)
RESL=13107;    Detector Reset Lockout
TFLA=1.200;    Flat Top
TPFA=1600;    Fast Channel Peaking Time
PURE=ON;    PUR Interval On/Off
RTDE=OFF;    RTD On/Off
MCAS=NORM;    MCA Source
MCAC=8192;    MCA/MCS Channels
SOFF=OFF;    Set Spectrum Offset
AINP=NEG;    Analog Input Pos/Neg
INOF=DEF;    Input Offset
GAIA=12;    Analog Gain Index
CUSP=0;    Non-Trapezoidal Shaping
PDMD=NORM;    Peak Detect Mode (Min/Max)
THSL=4.492;    Slow Threshold
TLLD=OFF;    LLD Threshold
THFA=11.62;    Fast Threshold
DACO=OFF;    DAC Output
DACF=0;    DAC Offset
RTDS=0;    RTD Sensitivity
RTDT=0.00;    RTD Threshold
BLRM=1;    BLR Mode
BLRD=3;    BLR Down Correction
BLRU=0;    BLR Up Correction
GATE=OFF;    Gate Control
AUO1=ICR;    AUX_OUT Selection
PRET=60.0;    Preset Time
PRER=60.000;    Preset Real Time
PREC=OFF;    Preset Counts
PRCL=0;    Preset Counts Low Threshold
PRCH=0;    Preset Counts High Threshold
HVSE=180;    HV Set
TECS=225;    TEC Set
PAPS=ON;    Preamp 8.5/5 (N/A)
SCOE=RI;    Scope Trigger Edge
SCOT=87;    Scope Trigger Position
SCOG=1;    Digital Scope Gain
MCSL=0;    MCS Low Threshold
MCSH=0;    MCS High Threshold
MCST=0.00;    MCS Timebase
AUO2=ICR;    AUX_OUT2 Selection
TPMO=OFF;    Test Pulser On/Off
GPED=FA;    G.P. Counter Edge
GPIN=AUX1;    G.P. Counter Input
GPME=OFF;    G.P. Counter Uses MCA_EN?
GPGA=OFF;    G.P. Counter Uses GATE?
GPMC=OFF;    G.P. Counter Cleared With MCA Counters?
MCAE=OFF;    MCA/MCS Enable
BOOT=ON;    Turn Supplies On/Off At Power Up
<<DP5 CONFIGURATION END>>
<<DPP STATUS>>
Device Type: DP5
Serial Number: 13140
Firmware: 6.07  Build:  3
FPGA: 6.02
Fast Count: 785286
Slow Count: 135578
GP Count: 1
Accumulation Time: 35.004000
Real Time: 60.000000
Dead Time: 82.74%
HV Volt: 181V
TEC Temp: 227K
Board Temp: 39°C
<<DPP STATUS END>>
