<<PMCA SPECTRUM>>
TAG - live_data
DESCRIPTION - 
GAIN - 5
THRESHOLD - 0
LIVE_MODE - 0
PRESET_TIME - 0
LIVE_TIME - 7.156749
REAL_TIME - 35.447000
START_TIME - 03/07/2018 15:55:41
SERIAL_NUMBER - 0
<<CALIBRATION>>
LABEL - keV
809.65 3.66
810.98 3.66
1816.99 8.05
2012.04 8.9
2012.55 8.9
2393.16 10.55
2393.61 10.55
2862.68 12.612
2862.87 12.612
5717.27 25.27
5718.07 25.27
6460.66 28.48
6462.08 28.48
<<ROI>>
592 1088
5559 5887
6373 6553
<<DATA>>
0
0
0
0
0
0
0
0
0
0
0
0
0
0
0
0
0
0
0
0
0
0
0
0
0
0
0
0
0
0
0
0
0
0
0
0
0
0
0
0
0
0
0
0
0
0
0
0
0
0
0
0
0
0
0
0
0
0
0
0
0
0
0
0
0
0
0
0
0
0
0
0
0
0
0
0
0
0
0
0
0
0
0
0
0
0
0
0
0
0
0
0
0
0
0
0
0
0
0
0
0
0
0
0
0
0
0
0
0
0
0
0
0
0
0
0
0
0
0
0
0
0
0
0
0
0
0
0
0
0
0
0
0
0
0
0
0
0
0
0
0
0
0
0
0
0
0
0
0
0
0
0
0
0
0
0
0
0
0
0
0
0
0
0
0
0
0
0
0
0
0
0
0
0
0
0
0
0
0
0
0
0
0
0
0
0
0
0
0
0
0
0
0
0
0
0
0
0
0
0
0
0
0
0
0
0
0
0
0
0
0
0
0
0
0
0
0
0
0
0
0
0
0
0
0
0
0
0
0
0
0
0
0
0
0
0
0
0
0
0
0
0
0
0
0
0
0
0
0
0
0
0
0
0
0
0
0
0
0
0
0
0
0
0
0
0
0
0
0
0
0
0
0
0
0
0
0
0
0
0
0
0
0
0
0
0
0
0
0
0
0
0
0
0
0
0
0
0
0
0
0
0
0
0
0
0
0
0
0
0
0
0
0
0
0
0
0
0
0
0
0
0
0
0
0
0
0
0
0
0
0
0
0
0
0
0
0
0
0
0
0
0
0
0
0
0
0
0
0
0
0
0
0
0
0
0
0
0
0
0
0
0
0
0
0
0
0
0
0
1
0
0
0
0
0
0
0
0
0
0
0
1
0
0
0
0
0
1
0
2
0
0
0
0
0
0
1
0
1
0
0
0
0
0
1
0
0
0
0
0
0
0
0
0
0
0
1
1
0
1
0
0
1
0
0
0
2
0
2
1
1
0
0
0
1
0
0
0
0
1
0
0
0
0
1
1
0
0
0
0
0
1
0
0
0
0
0
0
0
0
0
0
0
0
0
1
0
0
1
1
0
0
0
0
1
0
0
0
1
0
0
0
0
0
0
0
0
0
0
0
0
0
0
0
1
1
0
0
0
0
0
0
0
0
2
0
1
0
0
0
0
0
1
1
1
0
0
0
0
0
0
0
0
0
0
0
2
0
0
0
0
0
0
0
0
0
0
0
1
0
0
1
0
2
0
0
0
0
0
1
0
0
1
1
0
0
0
1
1
0
0
0
1
1
2
1
1
0
0
0
0
0
0
0
0
2
0
0
1
1
2
1
0
0
0
1
0
0
0
1
0
0
0
0
1
1
0
0
1
0
2
0
0
0
0
0
4
2
1
0
0
0
0
0
2
0
3
0
1
4
4
2
2
1
1
1
0
3
0
1
0
2
3
3
2
1
3
6
5
6
2
8
2
6
10
4
7
3
4
4
6
6
8
8
9
18
15
12
7
11
15
3
15
12
11
10
15
9
9
13
10
12
12
7
10
13
9
8
7
7
8
6
10
8
4
9
6
9
8
11
3
5
4
6
3
3
2
4
4
7
6
6
2
2
3
4
5
3
3
3
6
2
4
4
4
4
6
6
6
7
2
4
3
5
1
4
1
3
3
2
3
6
1
4
4
2
1
4
3
3
5
1
4
4
3
3
4
3
1
2
3
0
1
3
2
1
3
1
0
0
1
1
1
1
2
2
2
2
0
2
0
1
4
1
1
0
1
1
1
0
0
0
1
0
0
1
0
0
2
1
2
0
0
0
1
0
0
0
0
1
2
0
1
0
0
0
0
0
0
1
1
1
2
0
0
0
0
0
0
0
1
0
0
0
1
0
0
0
0
1
0
1
1
0
0
2
1
0
1
0
0
0
0
1
0
2
1
1
1
1
0
0
0
1
1
0
0
0
1
0
1
0
0
0
0
1
0
0
0
0
1
1
0
0
0
1
0
0
0
0
0
0
0
1
1
0
3
0
0
0
0
0
1
2
1
0
0
0
1
1
0
1
0
1
0
0
1
2
1
0
0
2
3
0
1
0
1
1
0
1
0
2
1
2
2
0
2
0
1
0
4
2
0
0
1
1
1
2
1
1
1
2
1
0
0
0
0
0
2
0
2
0
0
0
1
0
3
0
2
0
0
0
0
1
0
1
1
0
0
0
0
0
0
1
1
1
1
0
0
0
0
0
0
1
0
0
1
1
1
0
0
1
0
0
0
0
1
0
0
0
0
2
0
1
2
1
1
0
1
0
0
1
2
0
0
0
1
0
0
0
1
1
0
3
1
0
0
1
1
0
2
3
1
0
0
0
1
3
1
1
1
1
1
2
1
0
1
1
0
2
2
0
0
0
1
0
2
0
0
0
1
1
1
0
1
2
0
0
1
0
1
1
1
2
0
1
0
1
0
0
0
1
0
0
2
0
0
0
0
0
1
0
0
1
0
0
1
1
1
1
1
2
1
1
0
0
1
1
2
0
1
1
1
3
1
2
1
0
1
1
4
1
0
2
3
2
0
0
0
2
5
3
1
2
2
1
2
1
4
4
1
5
2
3
2
2
1
4
1
4
2
3
1
7
4
4
3
8
7
7
5
3
8
2
8
5
9
6
5
5
4
11
5
5
6
8
2
3
4
5
5
3
4
6
1
5
2
3
2
10
1
1
5
3
3
5
1
1
2
1
1
2
1
1
0
4
3
0
2
2
2
3
3
3
2
1
0
3
1
4
4
1
1
1
3
2
1
0
3
0
0
0
2
1
0
2
2
2
1
4
2
3
1
4
2
2
1
0
3
2
0
2
3
0
4
2
3
0
1
3
3
2
0
2
3
3
6
1
1
1
1
0
1
0
1
0
1
2
1
0
5
2
4
0
3
1
1
1
1
0
0
0
3
1
1
1
2
0
2
2
0
1
0
0
2
1
1
1
5
4
1
0
4
1
3
1
4
0
3
2
5
1
3
1
5
4
5
2
1
4
4
1
3
2
1
4
3
3
4
1
2
4
1
5
3
0
2
2
3
3
0
5
3
3
3
3
2
4
1
1
3
0
5
1
1
1
1
1
0
0
2
2
2
4
3
3
0
0
1
2
3
2
0
2
2
5
1
0
3
2
5
0
2
4
3
2
2
2
2
1
2
1
2
2
1
1
3
2
4
3
2
1
3
3
2
5
1
4
3
1
1
3
3
4
2
2
2
4
4
2
2
1
2
2
3
3
0
2
5
7
5
2
6
1
7
4
2
2
5
5
3
1
7
1
3
2
2
1
3
1
4
3
1
1
6
2
3
2
3
1
1
2
2
2
3
2
0
0
3
3
0
1
1
1
2
2
3
2
1
3
2
1
1
2
1
2
0
1
1
2
2
2
5
5
2
1
1
4
1
8
2
1
2
0
5
3
0
3
2
1
0
3
3
3
1
7
6
2
7
5
4
9
4
4
4
3
4
5
8
6
3
2
3
6
4
3
5
7
7
4
7
6
3
5
6
9
6
9
4
4
7
5
7
5
2
2
1
2
8
3
4
6
5
3
8
7
2
2
1
5
4
3
5
3
2
2
2
2
3
5
1
2
4
3
2
3
3
0
1
1
2
2
4
2
2
4
4
2
2
1
3
1
3
0
0
4
6
1
5
4
2
1
2
2
1
1
7
3
3
3
4
6
1
6
3
3
2
1
1
2
3
1
0
3
1
3
2
3
3
2
7
6
4
5
7
5
7
4
4
3
4
2
0
7
1
1
5
2
3
1
2
13
6
2
6
5
8
7
4
6
3
4
7
8
6
6
8
8
4
3
6
7
5
5
5
8
11
7
4
5
8
8
4
4
7
8
3
5
7
7
3
8
4
9
5
3
5
4
5
7
7
4
1
4
3
9
9
7
3
2
6
3
8
9
3
7
6
3
6
8
5
3
6
5
5
10
8
4
7
6
9
4
7
1
5
5
4
6
4
5
5
3
7
6
4
4
3
5
6
5
3
11
7
3
5
6
11
10
4
10
7
8
9
11
13
11
13
11
9
10
15
14
19
14
20
16
18
16
33
11
16
26
28
24
26
25
27
25
26
30
36
27
21
31
30
21
32
30
31
32
25
35
33
27
31
24
15
30
18
17
20
18
21
15
17
22
11
17
19
13
15
10
12
12
15
13
15
9
14
14
11
10
14
7
11
4
7
10
14
5
10
8
9
5
14
9
13
13
7
13
10
15
8
10
9
13
17
19
11
14
11
9
19
12
15
21
24
27
20
25
30
38
39
39
51
48
56
71
57
100
88
110
119
147
171
187
176
210
236
269
331
300
370
388
475
459
548
611
612
702
740
792
875
944
1117
1061
1156
1250
1277
1323
1516
1443
1627
1795
1759
1963
1925
2099
2004
2199
2138
2347
2264
2296
2492
2317
2541
2400
2478
2513
2375
2494
2385
2393
2306
2329
2266
2235
2285
2035
2097
1880
1981
1760
1732
1698
1614
1510
1389
1367
1293
1248
1132
1087
1023
906
845
780
703
630
639
513
536
535
417
406
326
333
277
269
232
219
196
148
139
126
116
83
80
79
72
65
56
50
45
36
42
31
27
28
25
23
24
22
21
16
23
16
14
15
15
13
7
17
17
12
10
10
8
7
7
9
11
12
8
7
7
8
7
8
6
4
5
7
8
12
5
7
4
9
10
10
8
9
6
4
9
6
5
7
7
8
4
8
12
5
6
6
6
8
7
9
11
6
6
8
8
1
4
7
7
5
9
10
7
15
8
8
11
2
7
10
9
6
11
13
11
13
10
14
23
16
14
18
17
24
10
21
12
19
24
25
30
32
31
31
35
33
35
42
51
49
59
63
73
84
66
81
91
101
105
129
134
145
135
177
151
200
168
206
201
242
224
246
272
258
301
291
300
343
276
365
351
408
304
333
367
367
393
386
372
361
405
326
370
383
396
365
345
386
352
347
321
334
323
263
301
273
245
247
275
226
210
205
186
206
166
163
151
141
134
109
124
88
92
89
90
82
65
56
56
48
40
41
30
41
30
30
25
20
16
16
15
15
7
6
6
7
4
4
9
8
4
7
3
3
1
0
6
3
1
2
3
2
0
1
1
2
1
2
0
1
0
1
0
3
1
1
0
1
0
0
1
0
0
0
0
0
0
1
0
0
1
0
0
0
0
0
0
1
0
0
0
0
0
0
1
0
0
0
1
0
1
0
2
0
2
0
0
0
1
0
0
0
0
1
1
2
0
0
1
0
0
1
0
0
0
1
0
2
0
2
0
0
0
0
0
1
1
0
0
0
0
0
1
0
0
0
0
0
0
0
0
1
2
3
1
1
0
1
0
3
1
0
2
0
1
0
2
1
1
1
0
0
1
1
0
1
0
0
1
1
1
1
0
1
1
0
0
1
1
2
0
2
1
1
1
0
0
3
2
0
0
0
2
0
0
0
0
0
1
0
1
1
0
0
0
0
1
0
2
0
1
1
0
1
0
0
0
0
0
1
2
0
0
1
0
0
0
1
0
1
0
0
0
1
1
0
0
0
1
2
1
0
1
0
0
0
1
0
0
0
1
1
1
0
0
0
0
2
0
1
1
1
0
0
2
1
0
1
2
0
2
0
0
1
2
1
0
1
0
0
0
0
1
1
0
0
0
0
0
2
0
1
1
1
0
0
0
1
0
0
0
0
0
1
0
0
0
0
0
0
0
1
1
2
0
1
0
1
1
1
0
3
1
3
1
1
0
2
1
0
0
0
1
0
0
0
0
1
0
0
0
2
0
0
1
0
0
0
1
2
0
0
1
0
1
0
0
0
0
1
0
1
1
0
0
0
1
1
0
0
1
0
0
0
0
0
0
0
0
0
0
0
0
1
2
1
1
1
1
0
1
0
1
0
0
1
0
2
0
1
1
3
1
0
0
0
0
0
0
0
0
0
1
1
2
0
1
1
2
0
0
0
0
1
1
0
0
0
1
0
0
0
0
0
0
1
2
1
1
1
0
2
2
1
1
2
0
3
3
1
0
0
0
0
0
1
0
0
0
1
1
0
0
1
0
2
0
1
1
0
1
1
2
0
1
2
0
2
1
1
0
2
0
1
0
0
0
1
2
0
0
0
1
1
1
1
0
0
0
0
0
0
1
0
0
0
0
1
0
0
4
0
1
2
1
1
1
0
1
0
0
1
0
0
0
1
1
0
1
1
0
0
0
0
0
0
0
0
0
1
1
2
0
1
0
0
0
1
0
1
0
0
1
0
2
1
0
0
0
0
1
1
0
0
1
0
1
0
0
0
2
0
0
0
0
0
0
0
0
1
0
1
0
0
1
1
0
1
0
0
1
0
1
2
1
1
0
0
1
0
0
0
0
2
0
0
0
0
0
0
0
1
1
0
0
0
0
0
0
0
1
0
0
1
0
0
0
2
2
1
0
1
0
2
0
0
3
0
0
0
0
0
1
0
0
0
0
1
2
1
0
0
0
0
1
0
0
0
1
0
1
0
2
2
0
0
0
0
1
2
0
0
1
0
1
0
0
0
0
1
0
1
0
0
0
0
0
0
0
0
0
0
0
0
0
0
1
1
0
1
0
0
1
2
0
0
0
1
0
0
0
0
1
1
1
0
2
0
1
1
0
0
0
0
1
1
1
0
0
0
2
0
2
0
0
0
1
0
0
0
0
2
1
1
0
1
0
0
0
0
0
2
0
0
0
0
1
2
1
0
0
1
0
0
1
2
1
0
0
0
0
0
0
0
0
1
0
0
0
0
0
1
2
0
0
0
1
0
0
1
0
1
0
1
0
1
1
0
1
0
0
1
0
0
0
0
1
1
1
0
0
1
0
1
0
0
0
0
0
0
1
0
1
1
0
1
0
0
0
0
1
0
0
1
1
0
1
0
1
2
2
0
2
0
1
1
0
0
0
1
0
1
0
0
0
0
1
1
0
0
0
0
1
1
1
0
1
1
0
1
0
0
0
1
1
0
0
0
0
1
0
0
0
0
0
0
1
2
1
0
0
0
0
0
2
0
1
0
2
1
3
0
0
1
0
0
1
0
1
1
1
2
2
1
1
0
0
2
0
0
0
0
0
0
0
0
0
0
1
0
0
2
0
1
0
0
2
2
3
1
2
1
0
1
0
1
0
0
1
0
0
1
2
0
0
0
1
0
0
1
0
0
1
0
2
0
1
0
0
0
0
0
1
2
3
0
1
0
1
1
0
0
1
1
1
1
2
0
0
2
0
1
0
0
0
1
0
0
0
0
1
0
0
0
1
2
0
1
1
0
0
0
0
1
2
0
0
0
1
0
0
2
0
0
0
0
0
1
0
1
3
0
0
0
0
1
0
0
2
1
0
1
0
1
0
0
1
1
0
0
0
1
3
0
0
0
1
0
0
0
0
1
1
1
0
0
0
2
0
0
0
0
0
0
1
1
1
1
1
0
0
0
0
1
0
1
2
0
1
0
0
0
2
0
0
0
0
0
2
0
1
1
0
0
0
2
0
0
1
1
1
0
0
1
0
0
0
2
1
0
2
0
0
0
1
1
1
0
0
0
0
1
1
0
0
0
1
0
0
0
0
2
0
0
0
1
0
1
0
1
1
1
0
0
0
0
0
0
0
0
0
1
1
1
0
0
1
1
0
0
1
0
0
1
2
2
0
0
0
0
1
1
2
0
0
0
1
1
1
0
0
0
2
1
1
0
0
1
2
0
0
0
2
0
0
0
1
2
1
0
1
0
0
1
1
1
1
2
0
2
1
0
1
2
0
0
0
0
0
2
0
1
0
0
0
0
0
2
0
0
0
1
0
1
0
0
0
1
1
2
1
0
0
1
0
1
1
0
0
1
0
0
0
0
0
1
2
1
0
0
0
1
0
1
1
1
0
0
1
1
0
2
0
2
1
1
0
1
2
2
0
0
0
0
1
2
1
0
1
0
1
1
0
2
1
1
1
0
1
0
1
0
1
0
0
0
0
0
0
0
1
0
0
1
1
0
0
0
1
1
0
1
0
0
1
1
1
1
0
1
0
1
0
0
0
2
1
0
1
0
1
0
1
0
1
1
0
2
0
0
0
2
1
1
1
0
0
0
1
1
1
1
0
0
0
1
0
1
0
0
0
1
1
0
1
1
1
0
0
0
0
1
0
1
1
1
0
0
0
1
0
1
0
1
0
0
0
1
0
0
0
0
0
0
1
0
0
0
1
0
0
1
0
1
0
1
0
1
0
0
0
2
0
0
1
0
0
0
0
0
0
0
1
1
1
1
0
1
1
0
0
0
0
1
0
1
1
1
0
0
0
0
0
3
0
1
2
0
0
0
0
0
3
0
0
0
1
0
0
0
1
0
0
0
1
0
1
2
3
0
0
2
0
1
0
0
3
1
2
1
1
2
0
1
1
1
2
0
0
0
0
3
1
0
1
0
0
0
0
1
1
1
0
1
0
0
0
2
0
2
0
0
2
2
0
0
0
0
0
1
1
3
0
0
0
3
0
1
3
2
1
1
2
0
0
1
1
0
0
2
3
1
0
0
0
1
0
4
0
1
2
4
2
4
2
3
1
1
1
2
2
1
1
3
2
1
1
3
1
3
2
2
0
3
2
2
2
4
3
2
0
1
0
0
0
0
2
0
1
1
0
4
0
0
2
2
2
1
0
0
2
0
1
1
0
0
0
2
2
0
1
0
1
1
2
2
2
3
0
0
0
5
0
2
0
1
4
5
4
1
3
2
2
4
0
2
1
1
1
3
4
5
7
6
8
10
8
11
6
9
8
12
14
15
14
15
13
15
12
17
23
23
26
25
16
21
15
25
30
26
30
28
30
28
38
35
48
32
46
37
43
40
46
45
63
54
48
56
41
66
45
56
52
57
45
57
57
60
37
48
51
50
43
42
45
45
59
39
33
44
37
47
40
32
43
33
39
26
37
33
39
25
28
18
24
22
21
26
24
17
15
20
25
8
9
13
19
15
10
9
8
15
6
3
9
4
7
1
4
4
2
1
4
5
6
0
4
4
2
2
2
1
1
1
1
3
1
0
2
1
0
2
1
0
0
2
1
2
1
0
1
0
3
2
0
0
1
0
0
0
0
1
0
0
0
0
0
0
0
1
0
2
1
0
0
2
0
0
0
1
0
0
1
1
2
1
0
1
0
0
1
1
0
0
0
0
1
0
0
0
1
0
0
3
0
2
0
3
1
1
1
1
3
1
2
2
2
1
1
2
0
2
5
3
4
2
4
5
2
4
6
1
6
3
7
5
6
3
8
7
11
7
5
6
3
9
6
9
11
9
12
10
10
10
6
1
7
7
9
4
13
14
16
12
19
12
16
21
21
15
15
14
20
18
21
17
18
16
16
15
14
19
10
20
15
22
17
14
22
15
14
17
21
15
8
13
13
14
14
14
6
7
12
8
7
9
7
8
7
9
7
11
5
8
7
7
7
3
5
1
6
4
4
4
2
2
3
3
4
1
1
2
1
3
1
0
0
3
0
0
0
0
2
1
3
2
0
1
0
1
1
1
0
0
0
1
1
0
1
0
0
1
0
0
0
0
0
0
1
0
0
0
0
0
0
1
0
1
0
0
0
0
0
0
1
0
1
0
0
0
0
0
0
0
1
1
0
2
0
0
1
0
2
0
1
0
0
0
1
0
0
0
1
0
1
0
0
0
3
1
2
0
0
1
0
0
2
0
1
2
1
0
0
1
1
2
1
0
1
1
0
1
0
0
1
0
0
0
0
1
1
5
1
0
0
1
1
1
1
0
0
0
2
2
2
2
1
0
1
2
1
0
1
3
1
2
1
3
1
1
1
1
1
1
0
2
2
0
0
1
0
0
0
3
1
1
1
1
0
0
2
0
2
1
0
2
2
0
0
2
0
1
2
3
2
1
0
3
3
0
0
1
1
1
0
1
0
0
2
0
1
1
3
0
4
0
0
0
0
0
0
2
0
0
0
0
1
0
0
0
0
0
0
1
1
0
0
0
1
0
1
0
0
0
0
1
0
0
0
1
1
0
0
2
0
1
0
0
0
1
0
1
0
0
0
0
0
2
0
1
0
1
0
0
0
0
0
1
0
0
0
0
1
0
0
0
0
1
1
0
1
0
0
0
1
1
0
0
0
0
1
0
0
0
0
1
0
0
0
1
0
0
0
1
0
0
0
1
0
1
0
0
1
0
2
0
0
0
0
0
0
0
1
0
0
0
1
2
0
0
0
0
0
0
1
0
0
0
1
1
0
3
1
1
1
0
1
0
0
0
0
1
0
1
0
0
0
0
2
0
0
2
0
1
0
0
0
1
0
1
1
0
0
0
1
0
1
0
1
0
2
0
0
0
3
1
1
0
0
0
0
0
0
0
2
1
0
0
0
0
0
0
1
0
0
0
0
0
1
1
1
0
2
1
0
0
1
0
0
0
0
0
2
2
0
0
0
0
2
0
0
1
2
0
0
1
0
1
0
1
1
0
0
0
0
1
0
1
0
0
0
0
1
1
1
1
0
1
1
0
1
1
0
0
0
0
0
0
0
1
2
0
1
0
1
0
0
1
3
0
0
1
0
0
3
2
0
2
1
0
0
0
0
0
0
0
0
1
0
1
1
0
1
0
0
1
0
0
2
0
1
1
0
2
1
1
0
3
0
0
1
1
1
0
0
2
2
1
0
0
0
2
0
1
3
0
0
0
0
1
0
0
0
1
1
1
1
0
0
2
1
0
0
1
1
1
0
0
2
0
1
0
0
0
1
0
0
0
0
0
1
0
0
0
0
1
1
0
2
1
0
0
0
1
0
0
0
0
0
0
0
0
0
0
1
0
0
0
0
0
0
0
1
1
0
0
0
1
0
0
0
0
0
1
0
0
0
1
0
1
0
2
1
0
1
2
0
1
0
0
0
1
0
0
1
0
0
2
0
1
1
1
0
0
2
0
1
0
1
0
0
0
0
0
0
0
0
0
0
0
0
0
0
1
0
1
0
0
0
0
0
0
0
0
1
0
1
0
2
0
1
0
1
1
0
1
0
0
0
2
1
0
0
0
0
0
1
1
1
0
0
0
0
0
1
1
0
1
0
1
0
1
0
0
0
0
1
1
0
0
0
0
2
0
0
0
0
0
0
2
0
0
1
0
0
0
0
0
0
0
0
1
1
1
0
0
1
0
1
0
1
0
0
2
0
0
1
0
0
0
1
2
0
0
0
0
0
0
1
0
0
1
1
0
1
0
0
4
0
1
0
0
1
1
0
2
0
1
1
3
1
0
0
1
0
1
0
0
0
1
3
0
1
1
1
1
3
0
1
1
3
1
2
2
0
1
2
0
1
3
2
4
0
0
2
0
1
0
0
2
0
3
1
1
2
3
1
2
3
3
1
1
0
3
1
2
0
3
0
1
0
0
1
2
2
4
4
0
3
0
2
1
2
3
1
0
0
0
3
1
0
0
0
0
0
2
1
0
1
2
0
1
0
1
0
0
0
1
2
3
1
0
0
0
0
0
0
1
0
0
1
0
0
0
0
0
0
0
0
1
1
1
0
0
1
0
0
0
0
1
1
1
0
0
0
1
2
0
1
1
0
1
0
0
0
0
0
0
0
0
0
2
0
0
0
1
1
0
0
0
2
0
1
0
0
1
0
0
0
0
0
0
0
0
0
0
0
0
1
0
0
0
1
1
0
0
0
0
2
0
0
0
0
1
0
0
0
0
0
0
1
0
1
0
0
0
0
0
0
0
0
0
0
0
0
0
1
1
2
0
0
2
0
0
0
0
0
1
0
0
0
0
0
1
0
0
0
1
0
0
0
0
1
0
0
0
0
0
1
0
0
2
0
0
1
0
0
1
0
0
0
0
1
0
0
0
0
0
0
1
1
0
1
1
0
0
2
0
1
0
0
0
1
0
0
0
0
1
0
0
1
1
0
0
0
1
0
1
0
0
0
0
0
0
0
1
1
1
0
1
1
0
0
0
0
0
0
0
0
0
0
0
1
1
0
0
0
2
1
0
0
0
0
0
0
0
0
1
0
0
0
0
1
0
0
0
1
0
0
0
0
0
0
2
1
0
1
1
0
0
0
1
0
0
2
0
0
0
0
1
2
0
1
0
0
0
0
0
0
1
1
0
1
0
1
0
0
0
2
0
0
0
0
0
0
1
0
0
0
0
0
0
0
0
0
0
1
0
0
0
0
0
0
1
0
0
0
0
0
1
0
0
0
0
0
0
0
2
2
0
0
0
0
0
1
0
0
0
1
0
0
0
0
0
2
0
0
2
0
0
0
0
0
0
0
0
0
1
0
0
0
1
0
0
0
0
0
1
0
0
0
0
0
0
0
0
0
2
0
1
0
0
3
0
2
0
0
0
0
0
0
0
0
0
1
0
1
0
0
1
0
1
1
0
0
0
2
1
0
0
0
0
0
0
0
0
1
0
0
1
0
1
0
1
2
0
0
0
1
0
0
0
0
0
0
0
0
0
0
0
1
0
0
1
0
0
0
0
0
0
0
0
0
0
0
1
1
1
0
0
1
0
0
0
0
0
1
1
1
0
0
3
1
0
0
0
0
1
0
0
0
0
1
0
0
2
0
0
0
0
0
1
1
0
0
1
0
2
0
1
0
0
0
2
0
1
0
0
0
0
0
0
1
0
0
0
0
1
0
0
0
0
0
0
0
1
0
1
0
0
0
0
0
0
0
0
1
0
0
1
1
1
1
2
0
0
0
0
0
0
1
0
1
0
0
2
0
0
0
0
2
0
1
0
1
1
0
0
0
0
1
0
0
0
0
0
0
0
0
0
0
0
0
0
2
0
1
0
0
1
1
1
0
1
2
1
0
0
1
1
0
0
1
0
1
1
0
0
0
0
1
0
0
0
1
2
0
0
0
0
1
0
0
0
0
0
0
1
0
1
0
0
1
0
0
1
1
2
0
1
0
0
0
0
0
1
1
0
0
0
1
0
0
0
1
0
0
0
0
0
0
0
1
0
0
0
0
0
0
1
0
0
0
0
0
1
0
1
0
0
0
0
0
0
0
0
0
0
0
1
0
1
0
1
0
1
0
0
0
0
1
0
0
0
0
0
0
0
0
0
0
0
0
1
0
0
0
0
0
0
0
0
0
0
1
0
1
0
1
0
0
0
0
1
1
0
0
0
0
1
0
0
0
0
0
2
0
1
0
0
1
1
0
0
0
0
1
0
0
1
0
1
0
0
0
0
0
1
1
1
1
1
0
1
0
1
1
1
0
2
0
3
0
0
1
0
0
1
0
2
2
2
1
1
2
0
1
0
0
1
1
0
2
0
0
1
1
0
1
0
1
1
1
2
1
0
1
1
1
2
1
1
2
2
0
0
2
1
0
0
0
1
3
1
0
1
0
1
0
0
1
0
1
1
1
0
0
1
0
1
0
1
2
0
0
1
0
0
0
0
2
0
0
0
0
0
0
0
0
1
0
1
0
0
0
1
0
1
0
1
0
0
0
1
0
0
0
0
1
0
0
0
0
1
0
0
1
0
0
0
1
1
0
1
0
0
0
0
0
0
0
0
0
0
0
0
0
0
0
0
0
0
0
0
0
0
1
0
0
0
0
0
0
2
0
0
0
0
0
0
1
1
0
0
0
0
0
0
1
1
0
0
0
2
0
0
0
0
0
1
0
0
1
1
0
0
1
0
1
0
0
0
0
1
0
0
0
0
1
0
0
0
1
0
0
1
1
0
0
0
0
1
0
0
0
0
0
1
1
0
1
0
0
0
0
0
0
0
0
0
0
1
0
0
1
2
1
0
0
0
1
1
0
0
1
0
0
0
1
2
2
0
0
1
0
0
1
0
0
1
1
0
0
1
0
1
0
0
0
2
0
2
0
0
0
0
1
0
1
2
0
0
0
0
0
1
0
0
0
0
0
0
0
1
0
0
1
0
0
0
0
0
0
0
0
0
0
0
2
0
0
0
1
0
0
0
0
0
0
0
0
0
0
0
0
0
0
0
0
0
0
0
0
0
0
0
0
0
0
0
0
0
1
0
0
1
0
0
0
0
0
1
0
0
0
0
1
0
0
0
0
1
0
1
0
0
0
0
1
0
0
0
0
1
0
0
0
0
0
1
1
0
1
0
0
0
0
0
0
0
0
1
0
1
0
0
0
0
0
0
0
0
0
1
1
1
0
0
0
0
0
1
0
0
0
0
0
0
0
1
0
0
0
0
0
0
0
0
0
1
0
0
0
0
1
0
0
1
0
1
0
1
0
1
0
0
0
0
0
0
0
0
0
0
0
0
0
0
0
0
1
0
1
1
0
2
0
0
0
0
0
0
0
0
0
0
0
0
0
0
0
0
0
0
0
0
0
0
1
0
0
1
0
0
1
0
0
1
1
0
0
0
0
0
0
0
0
0
1
1
0
0
0
0
0
0
0
1
1
0
0
1
0
0
0
0
0
0
0
0
2
0
0
0
0
0
0
0
0
0
0
0
0
0
0
0
0
0
1
0
0
0
1
0
0
0
0
1
0
0
0
0
0
0
0
0
1
0
0
0
0
0
1
0
0
0
0
0
0
0
0
1
0
0
0
0
0
0
0
0
0
1
0
1
0
1
0
0
1
1
0
0
0
1
0
0
0
1
0
1
0
0
1
0
0
0
0
0
0
0
0
0
0
0
1
0
0
0
0
0
0
0
0
0
0
0
0
0
0
0
0
0
0
0
0
0
0
0
0
0
1
0
0
0
0
0
0
0
0
0
0
0
0
0
0
0
0
0
0
0
0
0
0
0
0
0
0
0
0
0
1
0
0
1
0
1
0
0
0
0
0
0
0
0
0
0
0
0
0
0
0
0
0
0
0
1
0
0
0
0
0
0
0
0
0
1
0
0
1
0
0
0
0
0
0
0
0
0
1
0
0
0
2
0
0
0
0
0
0
0
0
0
0
0
0
0
1
0
1
0
0
0
0
1
0
0
0
1
0
0
0
1
0
0
0
0
0
0
0
0
0
0
0
0
0
0
0
1
0
0
0
0
0
0
0
0
0
0
0
1
0
0
0
0
0
0
0
0
0
0
0
1
0
0
0
0
0
0
0
0
0
0
0
0
1
1
1
0
0
0
0
0
0
0
0
1
0
0
0
0
0
0
0
0
0
0
0
0
0
0
1
0
0
1
1
1
0
0
0
0
0
0
0
0
0
0
0
0
0
0
1
0
0
1
0
0
0
0
0
1
0
0
0
0
0
0
1
0
0
1
1
0
0
0
1
0
1
0
0
0
0
1
2
0
0
0
0
0
1
1
0
0
0
0
0
0
0
0
0
0
0
0
0
0
0
0
1
0
0
0
0
0
0
0
0
0
0
0
0
0
0
0
0
0
0
0
0
0
0
0
0
0
1
0
0
0
0
0
0
0
1
0
0
0
0
0
0
0
0
0
0
0
0
0
0
0
1
0
0
0
0
0
0
0
0
0
1
0
0
0
0
0
0
0
0
0
0
0
0
0
1
0
1
1
0
1
1
1
0
0
0
0
0
0
0
0
0
0
0
0
0
0
1
1
0
0
0
1
0
0
1
0
0
0
0
0
0
0
0
0
1
0
0
0
0
0
0
0
0
0
0
0
0
1
0
0
0
0
0
0
0
0
0
0
0
0
1
0
0
0
0
1
0
0
0
0
0
1
0
0
1
0
0
0
0
0
0
0
0
0
0
0
0
0
0
0
0
0
1
0
0
0
0
0
0
0
0
0
0
0
0
1
0
0
0
0
0
0
0
0
0
0
0
0
0
0
0
0
1
0
0
0
0
0
0
0
0
1
0
0
0
1
1
0
0
0
0
0
0
0
2
0
0
0
0
0
1
1
0
0
1
0
2
0
0
0
0
1
0
0
1
0
0
0
0
0
0
0
1
0
0
1
1
0
0
0
0
0
0
0
0
1
0
1
0
0
1
0
0
1
0
0
0
0
0
1
0
0
0
0
1
0
0
0
1
0
0
0
0
0
1
0
0
1
0
0
0
1
0
0
0
0
0
0
0
0
0
1
0
1
0
0
0
0
0
0
0
1
0
0
0
0
0
0
0
0
1
0
0
0
0
0
0
0
0
0
0
0
0
0
0
0
1
0
0
0
0
1
0
0
0
0
0
0
0
0
0
0
0
0
0
0
1
1
0
0
1
0
0
0
0
0
0
0
1
0
0
1
0
0
0
0
1
0
0
0
0
0
0
0
0
0
0
0
0
0
0
0
0
0
0
0
0
0
0
0
0
0
1
0
0
0
0
0
0
0
0
0
0
0
0
0
0
0
0
0
0
0
1
1
0
0
0
2
0
0
1
0
0
0
0
0
2
1
0
0
0
0
0
0
0
0
0
0
0
0
0
0
1
0
0
1
1
0
0
0
0
0
0
0
0
0
0
0
0
0
0
0
0
0
0
0
0
1
0
0
0
0
0
0
0
0
0
0
0
0
0
0
1
0
0
0
0
0
0
1
0
0
1
0
0
0
0
0
0
0
0
0
1
1
0
0
0
0
0
0
0
0
0
0
0
0
0
1
0
0
0
0
0
0
0
0
0
0
1
0
0
0
0
1
0
0
0
0
0
0
0
1
0
0
0
2
0
0
0
0
0
0
0
0
0
1
0
0
0
0
0
0
1
0
0
0
0
0
1
1
0
0
0
0
0
0
0
0
0
0
0
0
0
0
0
0
0
0
0
0
0
0
0
0
0
0
0
1
0
0
0
0
0
0
0
0
0
0
0
0
0
0
0
0
0
0
1
0
0
0
0
0
0
0
0
1
0
0
0
1
0
0
0
0
0
0
0
0
0
0
0
0
1
0
0
0
0
0
0
0
0
1
0
0
0
0
0
0
0
0
0
0
0
1
0
0
0
0
0
0
0
0
0
0
0
0
0
0
0
0
0
0
0
0
1
0
0
0
0
0
2
0
1
0
1
0
0
0
0
1
0
0
0
0
0
0
1
0
1
0
0
1
0
0
0
0
0
0
0
0
0
0
1
0
1
0
0
0
0
0
0
0
0
0
0
0
0
0
0
0
0
0
0
0
0
0
0
0
0
0
0
0
0
0
0
0
0
0
0
1
0
0
0
0
0
0
0
1
0
0
0
0
0
0
0
0
0
0
0
0
0
1
0
0
1
0
0
0
0
0
0
0
0
0
1
0
0
0
0
0
0
0
0
0
0
0
0
0
1
0
0
0
0
0
0
0
0
0
0
0
0
1
0
0
0
0
0
0
0
0
0
0
0
0
0
0
0
0
0
0
0
0
0
0
0
0
0
0
0
0
0
0
0
0
0
0
0
1
1
0
0
0
1
0
1
0
0
0
0
1
0
0
1
0
0
0
0
1
0
1
0
0
0
0
0
0
0
0
0
0
0
0
0
0
0
0
1
0
0
0
0
0
1
0
0
0
0
1
0
0
0
0
0
0
0
0
0
0
0
0
0
0
0
0
1
0
0
0
0
0
0
1
0
0
0
0
0
1
0
0
0
0
0
0
0
0
0
0
0
0
0
0
0
0
0
0
0
0
0
0
0
0
0
0
0
0
0
0
0
0
0
0
0
0
0
0
0
1
0
0
0
0
0
0
0
0
0
0
0
0
1
0
0
0
0
0
0
0
0
0
0
0
0
0
0
0
0
0
0
0
0
0
0
0
0
0
0
0
0
0
1
0
0
0
0
0
0
0
0
0
1
0
0
0
0
0
2
0
0
0
0
0
0
0
0
0
0
0
0
1
0
0
0
0
0
0
0
0
0
0
0
0
0
0
0
0
0
0
0
0
0
0
0
0
0
0
0
0
0
0
0
0
0
0
0
0
0
0
0
0
0
0
0
0
0
0
0
0
0
0
0
0
0
0
0
0
0
1
0
0
0
0
0
0
0
0
0
0
0
0
0
1
1
0
0
0
0
0
0
0
0
0
0
0
0
0
0
0
0
0
0
0
0
0
0
0
0
0
0
0
0
0
0
0
0
0
0
0
0
0
0
0
0
0
0
0
0
0
0
0
0
0
0
0
0
0
0
0
0
0
0
0
1
0
0
0
0
0
0
0
0
0
1
0
1
0
0
0
0
0
0
0
0
0
0
0
0
0
1
0
0
0
0
0
0
0
0
0
0
0
0
0
0
0
0
0
0
0
0
0
0
0
0
0
0
0
0
1
0
0
0
0
0
0
0
0
0
0
0
0
0
0
0
0
0
0
0
0
0
0
0
0
0
0
0
0
0
0
0
0
0
0
0
1
0
0
0
0
0
0
0
0
0
0
0
0
0
0
0
0
0
0
0
0
0
0
0
0
0
0
0
0
0
0
0
0
0
0
0
0
1
0
0
0
0
0
0
0
0
0
0
0
0
0
0
0
1
0
0
0
0
0
0
0
0
0
0
0
0
0
0
0
0
0
0
0
0
0
0
0
0
0
0
0
0
0
0
0
0
0
0
0
0
0
0
0
0
0
0
1
0
0
0
0
0
0
0
0
0
0
0
0
0
0
0
0
0
0
0
0
0
0
0
0
0
0
0
0
0
0
0
0
1
0
0
0
0
0
0
0
0
0
0
0
<<END>>
<<DP5 CONFIGURATION>>
RESC=?;    Reset Configuration
CLCK=20;    20MHz/80MHz
TPEA=32.000;    Peaking Time
GAIF=0.9727;    Fine Gain
GAIN=29.999;    Total Gain (Analog * Fine)
RESL=13107;    Detector Reset Lockout
TFLA=1.200;    Flat Top
TPFA=1600;    Fast Channel Peaking Time
PURE=ON;    PUR Interval On/Off
RTDE=OFF;    RTD On/Off
MCAS=NORM;    MCA Source
MCAC=8192;    MCA/MCS Channels
SOFF=OFF;    Set Spectrum Offset
AINP=NEG;    Analog Input Pos/Neg
INOF=DEF;    Input Offset
GAIA=12;    Analog Gain Index
CUSP=0;    Non-Trapezoidal Shaping
PDMD=NORM;    Peak Detect Mode (Min/Max)
THSL=4.492;    Slow Threshold
TLLD=OFF;    LLD Threshold
THFA=11.62;    Fast Threshold
DACO=OFF;    DAC Output
DACF=0;    DAC Offset
RTDS=0;    RTD Sensitivity
RTDT=0.00;    RTD Threshold
BLRM=1;    BLR Mode
BLRD=3;    BLR Down Correction
BLRU=0;    BLR Up Correction
GATE=OFF;    Gate Control
AUO1=ICR;    AUX_OUT Selection
PRET=60.0;    Preset Time
PRER=60.000;    Preset Real Time
PREC=OFF;    Preset Counts
PRCL=0;    Preset Counts Low Threshold
PRCH=0;    Preset Counts High Threshold
HVSE=180;    HV Set
TECS=225;    TEC Set
PAPS=ON;    Preamp 8.5/5 (N/A)
SCOE=RI;    Scope Trigger Edge
SCOT=87;    Scope Trigger Position
SCOG=1;    Digital Scope Gain
MCSL=0;    MCS Low Threshold
MCSH=0;    MCS High Threshold
MCST=0.00;    MCS Timebase
AUO2=ICR;    AUX_OUT2 Selection
TPMO=OFF;    Test Pulser On/Off
GPED=FA;    G.P. Counter Edge
GPIN=AUX1;    G.P. Counter Input
GPME=OFF;    G.P. Counter Uses MCA_EN?
GPGA=OFF;    G.P. Counter Uses GATE?
GPMC=OFF;    G.P. Counter Cleared With MCA Counters?
MCAE=OFF;    MCA/MCS Enable
BOOT=ON;    Turn Supplies On/Off At Power Up
<<DP5 CONFIGURATION END>>
<<DPP STATUS>>
Device Type: DP5
Serial Number: 13140
Firmware: 6.07  Build:  3
FPGA: 6.02
Fast Count: 727283
Slow Count: 146873
GP Count: 1
Accumulation Time: 35.447000
Real Time: 60.000000
Dead Time: 79.81%
HV Volt: 181V
TEC Temp: 227K
Board Temp: 40°C
<<DPP STATUS END>>
