<<PMCA SPECTRUM>>
TAG - live_data
DESCRIPTION - 
GAIN - 5
THRESHOLD - 0
LIVE_MODE - 0
PRESET_TIME - 0
LIVE_TIME - 7.316561
REAL_TIME - 36.971000
START_TIME - 03/07/2018 15:43:09
SERIAL_NUMBER - 0
<<CALIBRATION>>
LABEL - keV
809.65 3.66
810.98 3.66
1816.99 8.05
2012.04 8.9
2012.55 8.9
2393.16 10.55
2393.61 10.55
2862.68 12.612
2862.87 12.612
5717.27 25.27
5718.07 25.27
6460.66 28.48
6462.08 28.48
<<ROI>>
592 1088
5559 5887
6373 6553
<<DATA>>
0
0
0
0
0
0
0
0
0
0
0
0
0
0
0
0
0
0
0
0
0
0
0
0
0
0
0
0
0
0
0
0
0
0
0
0
0
0
0
0
0
0
0
0
0
0
0
0
0
0
0
0
0
0
0
0
0
0
0
0
0
0
0
0
0
0
0
0
0
0
0
0
0
0
0
0
0
0
0
0
0
0
0
0
0
0
0
0
0
0
0
0
0
0
0
0
0
0
0
0
0
0
0
0
0
0
0
0
0
0
0
0
0
0
0
0
0
0
0
0
0
0
0
0
0
0
0
0
0
0
0
0
0
0
0
0
0
0
0
0
0
0
0
0
0
0
0
0
0
0
0
0
0
0
0
0
0
0
0
0
0
0
0
0
0
0
0
0
0
0
0
0
0
0
0
0
0
0
0
0
0
0
0
0
0
0
0
0
0
0
0
0
0
0
0
0
0
0
0
0
0
0
0
0
0
0
0
0
0
0
0
0
0
0
0
0
0
0
0
0
0
0
0
0
0
0
0
0
0
0
0
0
0
0
0
0
0
0
0
0
0
0
0
0
0
0
0
0
0
0
0
0
0
0
0
0
0
0
0
0
0
0
0
0
0
0
0
0
0
0
0
0
0
0
0
0
0
0
0
0
0
0
0
0
0
0
0
0
0
0
0
0
0
0
0
0
0
0
0
0
0
0
0
0
0
0
0
0
0
0
0
0
0
0
0
0
0
0
0
0
0
0
0
0
0
0
0
0
0
0
0
0
0
0
0
0
0
0
0
0
0
0
0
0
0
0
0
0
0
0
0
0
0
0
0
0
0
0
0
0
0
0
0
0
0
0
0
0
0
0
0
0
1
0
0
0
0
0
0
0
0
1
0
0
1
0
1
0
0
1
0
0
0
0
0
0
0
0
0
0
0
0
0
0
1
0
0
0
0
0
1
1
0
0
0
0
0
0
0
0
0
0
0
0
0
0
0
0
0
1
1
0
0
0
0
0
0
0
1
0
0
0
0
0
0
0
0
0
0
0
0
0
0
0
0
0
0
0
0
0
0
0
0
0
0
0
0
0
0
2
0
0
0
0
0
1
0
0
0
1
0
0
0
0
1
0
0
0
0
0
0
1
0
0
0
0
0
0
0
1
0
0
0
0
0
0
0
0
0
0
0
0
0
0
1
0
1
0
0
0
2
0
0
1
0
0
0
0
2
0
0
0
1
0
0
1
0
0
0
0
0
1
0
1
0
1
0
0
2
0
0
0
1
0
0
1
0
0
1
0
0
1
0
1
0
1
0
1
1
0
1
0
0
0
1
0
0
1
1
1
1
0
0
0
0
2
1
3
2
1
0
0
0
1
0
1
2
0
0
1
0
1
0
0
0
0
0
2
2
0
1
0
1
1
1
0
1
0
0
1
0
0
2
0
2
0
2
1
1
0
0
0
0
1
1
4
1
2
3
1
1
3
3
3
2
3
4
3
2
5
7
8
6
3
3
7
5
13
8
8
17
9
10
8
11
6
13
12
4
10
10
7
10
8
5
11
9
9
6
3
6
6
7
3
6
2
2
5
3
2
3
10
4
3
4
2
9
2
3
2
3
2
0
2
4
4
2
5
2
3
6
4
2
2
8
4
1
3
8
3
3
4
2
2
2
4
1
3
4
2
3
3
5
4
5
2
7
2
5
6
3
10
8
7
5
10
9
11
6
12
12
7
5
13
15
5
9
4
9
5
14
8
6
7
9
8
5
8
6
5
3
4
3
3
2
1
3
0
2
2
0
5
5
3
2
2
3
2
1
2
1
1
0
1
2
0
0
1
1
0
2
1
0
0
0
1
1
0
0
1
0
1
0
0
0
0
1
4
0
0
2
3
1
1
2
0
0
1
0
2
0
0
1
1
1
1
0
0
0
1
0
1
1
3
2
1
1
0
0
6
0
1
1
0
2
2
0
0
1
0
1
0
1
1
1
5
0
3
2
4
1
1
2
2
3
5
2
4
6
1
3
2
2
4
3
4
3
1
1
4
1
3
2
1
3
0
2
2
0
3
1
2
0
1
0
2
1
1
1
0
0
0
1
1
0
1
1
0
0
0
1
1
1
0
1
0
1
0
1
0
0
0
1
1
0
0
0
1
1
1
1
1
2
0
0
0
0
1
0
3
0
0
0
3
0
1
1
1
1
0
0
0
0
0
0
1
0
0
0
0
0
0
0
0
0
0
0
0
1
1
1
0
0
2
1
2
1
1
1
1
1
0
0
0
0
1
0
0
1
3
1
0
0
0
0
0
1
2
3
0
1
2
0
0
0
0
0
0
1
2
0
0
0
0
0
0
0
0
0
0
0
0
1
1
0
0
0
1
0
3
0
0
0
1
1
2
3
0
0
0
0
2
0
2
0
0
0
2
2
0
1
1
2
1
0
0
0
0
0
2
1
0
0
0
1
0
1
0
1
1
2
3
0
2
2
0
1
2
2
0
0
0
0
1
1
1
1
1
0
0
1
0
3
0
1
2
0
2
1
0
3
4
0
2
1
1
0
2
0
2
1
1
1
1
2
0
2
2
1
0
3
2
2
1
1
1
0
2
0
1
1
1
1
1
1
0
0
1
4
2
2
1
2
1
3
0
0
1
1
2
0
1
0
0
0
0
1
0
0
3
0
1
0
0
3
0
0
1
1
2
2
1
1
0
1
0
0
1
2
1
0
1
1
1
1
2
3
3
1
2
2
3
2
1
3
3
3
4
6
5
7
1
6
4
4
3
8
7
8
10
4
5
2
7
7
7
4
6
11
8
6
10
13
10
12
3
10
8
10
13
9
11
4
6
11
5
8
7
5
10
8
2
11
8
8
1
13
4
5
7
6
6
6
3
3
5
7
3
0
6
4
6
3
3
1
0
1
3
0
1
1
1
1
3
3
2
1
2
2
4
0
0
3
4
1
0
0
0
3
2
1
0
0
0
0
1
1
1
0
0
0
2
2
0
3
2
1
2
0
2
3
3
0
1
2
2
1
2
0
1
1
1
2
1
1
0
0
0
0
3
2
3
1
2
1
1
0
2
1
2
1
1
2
2
2
0
2
1
1
3
3
2
1
1
1
2
1
3
2
0
2
2
1
0
0
3
4
2
0
0
2
2
3
1
2
1
2
2
1
5
8
2
2
2
2
4
2
2
4
6
4
4
5
3
7
8
3
9
7
7
8
8
4
3
8
8
6
5
10
7
4
11
9
12
6
8
8
9
3
11
16
10
14
10
10
6
11
11
13
13
15
4
9
9
10
12
11
12
19
12
12
8
10
10
4
4
10
10
10
12
5
12
6
5
13
4
6
8
6
5
13
6
6
6
6
1
6
4
2
4
5
4
3
7
2
4
3
5
10
5
3
6
2
2
4
5
2
5
3
0
4
2
7
1
1
1
4
1
4
0
4
2
0
4
2
5
3
3
5
3
3
1
3
3
4
4
2
6
5
2
3
3
3
1
5
4
3
3
2
3
6
2
2
0
6
3
1
1
1
4
2
4
3
1
3
3
4
4
0
2
3
2
6
1
2
4
1
1
2
1
2
3
1
2
2
0
6
2
1
1
1
4
5
4
4
7
3
1
1
4
2
0
1
4
1
1
3
5
4
5
3
3
1
6
3
2
1
3
1
3
2
1
2
1
6
3
0
2
4
0
3
3
3
3
0
1
6
2
3
1
0
3
1
3
0
2
1
2
2
4
1
2
4
2
3
0
4
5
1
1
1
4
2
0
2
2
1
3
2
2
0
3
7
1
3
2
3
3
4
5
5
1
8
4
4
1
8
3
3
3
2
1
5
6
3
3
2
4
2
1
4
6
2
2
6
2
1
2
9
4
2
4
6
7
5
6
3
6
5
3
4
3
4
4
4
5
7
5
2
2
5
8
3
4
12
7
12
5
7
4
3
9
14
4
8
6
16
10
12
7
10
9
10
7
9
19
11
17
13
20
16
18
13
21
25
28
26
24
38
48
45
48
68
59
86
65
89
100
95
137
145
165
204
179
195
240
319
285
358
328
439
464
517
575
629
660
694
838
819
910
932
1113
1208
1217
1302
1377
1509
1471
1668
1799
1753
1924
1955
2152
2120
2269
2241
2343
2407
2357
2581
2490
2546
2524
2576
2510
2523
2685
2528
2614
2400
2440
2344
2379
2356
2183
2170
1989
2114
1905
1854
1721
1811
1610
1507
1493
1300
1283
1168
1161
973
1005
923
778
749
668
636
579
507
468
373
368
294
330
249
250
224
202
170
162
143
100
99
103
88
73
77
60
51
50
28
35
28
36
24
16
31
22
23
20
15
14
19
14
9
7
7
10
11
12
10
14
6
8
15
8
9
15
11
8
14
12
9
14
7
6
9
7
6
10
14
9
13
10
6
8
5
7
7
14
8
19
8
10
10
6
14
6
12
12
18
13
11
5
16
11
10
13
18
14
13
23
12
15
24
18
21
18
16
12
21
10
21
20
23
18
19
31
22
24
22
35
22
39
37
39
39
38
46
62
57
64
61
75
79
73
86
98
113
117
130
123
164
153
153
160
193
193
190
235
244
239
243
272
302
322
313
298
341
293
347
344
387
384
378
399
356
436
402
397
428
402
404
373
395
326
397
432
360
395
352
332
322
312
348
275
328
281
299
280
258
240
237
201
171
203
150
149
124
141
124
119
114
100
80
73
64
56
68
67
45
41
27
34
37
38
27
23
25
20
25
12
5
6
15
5
7
6
5
3
4
3
0
5
1
1
0
2
2
3
0
0
0
0
0
1
1
1
0
1
0
0
0
0
0
1
0
0
0
0
2
0
0
2
0
1
0
1
1
0
1
0
0
0
0
0
0
1
0
1
0
0
0
0
1
0
0
1
0
1
1
0
0
0
1
0
0
0
0
0
0
0
1
0
1
0
1
0
0
0
1
0
1
0
0
0
1
0
1
0
2
0
0
1
0
0
2
0
1
1
3
1
1
0
1
1
0
1
0
1
0
0
1
0
0
0
0
0
1
2
0
0
0
1
0
1
1
0
0
0
2
1
0
0
0
0
0
0
0
0
0
0
0
0
0
0
1
0
0
1
0
2
0
1
0
1
0
0
0
0
2
0
0
0
1
0
1
1
0
0
0
0
0
0
0
0
1
0
1
0
0
1
0
2
0
0
0
2
0
0
1
0
2
0
0
2
0
0
0
2
0
0
0
0
1
0
1
0
0
0
1
0
1
1
0
0
0
1
2
0
0
2
0
0
0
0
1
0
1
0
0
1
1
1
1
0
0
0
2
1
0
1
0
0
0
0
0
1
1
0
0
1
2
0
0
0
1
0
1
0
0
0
0
1
2
0
0
1
0
0
0
0
0
2
0
0
1
1
0
1
0
0
1
0
0
0
0
0
1
0
1
0
0
0
0
0
1
0
0
0
0
0
0
0
0
0
0
0
0
0
0
1
1
0
0
1
0
0
0
0
1
1
0
1
1
0
0
2
0
0
0
0
0
2
1
1
0
0
0
1
0
0
0
1
0
0
0
1
0
0
0
1
0
0
0
0
1
0
1
0
0
1
1
2
2
0
1
0
1
1
0
0
1
0
0
1
0
1
0
0
0
0
1
0
2
1
1
1
1
2
0
0
0
0
0
0
3
1
1
3
0
1
2
1
2
1
0
1
1
1
2
0
1
2
4
2
0
0
0
0
0
0
1
0
0
3
0
0
0
0
0
1
0
1
0
1
2
1
0
0
0
0
1
1
2
2
0
0
0
1
0
0
0
0
2
0
0
0
0
1
0
2
2
0
2
0
1
1
1
1
0
0
1
4
1
1
0
2
0
0
0
0
0
0
0
1
0
1
0
0
3
0
1
1
1
3
0
0
1
0
1
2
2
3
1
1
2
2
1
5
2
1
1
2
0
0
0
1
0
1
3
2
0
1
1
0
1
1
3
0
0
1
0
2
0
3
1
2
0
2
1
0
0
2
1
0
0
0
0
0
0
3
1
0
2
0
2
0
1
1
2
0
1
0
0
1
0
0
0
1
0
0
0
0
1
0
0
0
0
1
0
1
1
0
0
1
0
0
0
0
0
0
1
0
1
1
0
0
1
0
0
0
0
0
0
0
0
2
1
0
0
0
1
0
0
0
1
0
0
0
0
0
0
1
0
0
1
1
0
0
0
1
0
2
0
0
0
1
0
1
1
2
1
0
1
0
0
0
3
0
1
0
1
1
1
0
1
0
0
1
0
0
0
1
1
0
2
0
3
2
0
1
0
0
1
2
1
0
0
0
0
0
1
1
0
0
0
0
0
0
1
0
1
0
1
0
0
2
1
0
0
0
1
0
1
0
0
2
2
0
1
0
0
2
1
0
0
1
0
1
0
1
0
2
0
0
2
1
0
0
0
1
0
0
1
1
1
1
0
1
1
0
0
0
1
0
0
0
1
0
1
0
0
1
0
1
0
0
0
0
0
1
1
1
0
1
0
0
0
0
0
2
0
0
0
0
0
0
1
0
1
0
0
1
0
1
0
0
0
0
1
0
0
1
0
0
0
0
0
0
0
1
0
0
0
1
0
1
1
1
0
1
1
0
0
2
0
2
0
0
1
1
1
0
0
3
1
0
1
0
0
0
1
1
2
1
0
1
0
0
3
0
1
2
0
0
1
0
0
2
1
0
0
0
0
0
1
1
1
0
0
0
1
1
0
1
0
0
1
1
0
1
0
0
0
1
0
0
2
0
0
0
0
0
1
0
0
1
1
1
1
1
2
0
1
0
0
0
0
0
0
0
0
1
0
1
1
1
0
0
0
0
0
1
0
1
1
0
1
2
0
2
1
0
0
0
0
0
0
0
1
0
1
1
1
3
1
0
0
0
0
0
0
0
0
0
0
0
0
0
1
0
0
0
1
1
0
1
1
0
0
0
0
0
1
1
2
0
0
0
0
1
1
0
2
1
2
0
1
2
2
3
1
3
2
0
1
2
0
1
0
1
1
2
1
0
0
1
1
2
1
2
0
1
0
0
2
0
0
2
0
0
3
0
2
0
0
5
1
0
3
1
1
3
0
1
0
1
1
2
1
1
1
0
0
0
0
1
2
1
1
0
0
1
0
2
1
1
2
1
1
1
2
0
2
0
0
1
2
0
0
1
3
0
0
2
0
0
1
2
0
0
1
0
0
0
0
1
0
0
0
1
0
0
2
0
1
1
1
2
1
0
0
0
0
1
1
2
1
0
1
1
2
0
1
1
1
0
1
0
1
0
1
0
0
1
0
0
0
1
0
0
0
0
0
3
0
1
0
1
0
0
1
0
0
0
1
1
1
1
0
0
1
1
0
3
0
1
1
0
1
2
0
0
0
0
0
0
0
0
2
1
1
2
1
1
2
0
2
0
1
1
0
2
0
0
3
2
2
2
2
3
2
2
0
3
2
0
0
1
2
1
1
2
4
0
1
0
1
1
2
2
0
2
1
2
0
1
2
0
1
0
1
1
2
1
0
1
1
0
0
0
1
0
1
1
1
3
1
0
1
1
1
0
0
0
1
0
1
0
0
1
1
1
0
0
0
0
0
1
0
0
1
0
1
1
1
0
0
0
2
1
0
0
0
3
3
2
1
1
0
1
1
0
2
2
2
1
0
0
0
2
1
1
0
0
0
0
0
1
0
1
0
0
2
2
0
0
1
1
1
0
0
0
0
0
1
1
1
0
0
0
0
0
3
0
0
0
1
0
3
0
1
0
0
0
1
2
2
1
0
0
2
0
0
0
0
0
0
0
0
1
0
1
0
1
0
0
0
1
2
0
0
1
1
1
0
0
0
0
0
0
1
0
0
0
1
0
0
0
2
0
0
1
2
0
0
0
0
0
2
0
0
0
0
1
0
3
0
0
0
1
1
1
1
1
2
0
1
1
1
0
0
0
0
0
1
0
1
1
1
0
2
0
0
0
2
1
2
0
1
0
0
1
0
3
0
2
0
1
3
2
1
0
0
1
0
4
1
0
0
0
2
0
1
0
0
1
0
2
0
0
1
0
0
3
2
0
0
0
1
1
0
0
2
1
2
0
0
2
0
1
0
1
2
1
0
0
1
0
1
1
0
1
1
3
0
1
0
0
2
1
5
0
2
1
0
4
0
2
0
0
1
1
3
0
4
2
2
2
3
3
3
4
3
5
7
10
12
4
3
8
11
9
12
13
15
6
15
8
13
10
8
12
21
20
18
22
17
21
22
30
47
22
25
39
32
27
35
33
34
47
42
50
46
35
62
59
50
48
50
64
53
69
62
49
67
58
45
71
55
48
65
57
64
44
46
61
55
52
47
45
49
60
54
59
32
53
54
40
42
34
28
38
26
40
27
23
28
30
23
21
12
20
16
19
12
21
13
14
12
10
9
4
10
10
9
6
6
10
11
4
7
2
2
4
5
3
2
5
1
2
4
1
4
2
0
2
2
2
3
2
1
3
0
2
1
1
3
1
2
0
2
0
0
1
2
2
0
1
1
1
2
1
3
1
1
1
3
2
0
0
0
0
0
0
1
0
0
0
1
0
2
1
1
0
2
2
2
0
1
1
2
2
1
3
2
5
2
1
0
0
4
1
1
2
1
2
0
3
3
1
1
0
11
1
4
5
1
5
5
5
6
6
1
8
5
10
4
8
10
8
5
11
11
9
6
13
6
7
8
13
4
9
15
10
13
20
7
23
14
15
16
20
16
21
16
14
15
14
31
18
15
18
21
15
24
19
21
23
19
16
22
15
11
24
14
20
12
24
17
14
12
14
7
13
10
9
12
11
14
11
12
8
5
6
6
6
6
4
8
2
5
7
4
3
3
3
2
8
1
3
3
2
2
0
0
3
2
2
0
2
0
1
1
1
1
0
0
1
1
1
0
1
1
0
1
0
1
0
1
0
1
0
0
0
1
1
1
0
0
0
1
1
1
0
2
0
0
0
1
0
1
0
1
1
1
0
0
1
0
0
0
0
1
0
2
0
0
0
0
0
0
1
0
0
1
0
0
2
0
1
2
1
0
0
0
0
0
1
0
2
2
0
1
0
0
1
1
0
0
1
2
1
4
4
1
0
0
1
1
3
0
2
0
1
1
0
0
0
0
1
3
0
1
1
1
0
1
2
0
1
1
3
1
1
0
1
3
2
1
2
2
2
2
2
1
1
1
0
1
1
2
0
1
2
3
2
6
1
1
2
1
3
2
1
3
1
0
3
1
1
2
0
1
0
0
3
1
2
1
1
0
1
0
0
1
1
1
0
0
0
0
2
0
1
0
1
1
0
0
1
0
0
1
1
2
0
0
1
2
0
0
0
0
0
0
0
0
0
0
0
0
0
0
1
1
0
2
1
1
0
0
0
0
0
0
0
0
1
0
0
0
0
0
1
0
1
1
0
1
0
0
1
0
1
0
0
0
0
1
0
0
1
1
1
0
1
0
1
1
1
0
2
1
0
0
2
1
1
0
0
0
1
0
0
1
1
0
0
1
2
0
0
0
1
0
0
1
0
0
0
0
0
0
0
1
0
0
0
1
1
1
0
0
2
0
1
0
1
0
0
0
0
0
0
1
0
0
0
1
0
0
0
1
0
1
0
0
0
0
0
0
0
1
2
0
0
1
0
0
0
1
1
1
1
0
0
1
1
3
0
1
0
0
0
0
0
0
0
1
0
0
1
0
0
1
2
0
0
1
3
1
2
0
1
0
1
0
0
0
0
0
0
0
1
1
0
0
0
0
0
0
0
1
1
0
1
0
0
0
0
1
1
0
0
0
0
0
1
0
0
1
0
0
0
0
0
0
0
1
0
3
1
0
0
0
0
0
0
2
0
0
1
0
1
0
1
0
0
0
1
2
0
0
1
0
1
0
3
1
2
0
0
0
0
1
1
0
0
0
0
0
1
1
0
0
0
1
1
0
0
0
0
0
0
1
0
0
0
0
1
1
0
1
4
0
1
0
0
0
0
0
0
0
0
1
0
0
1
0
0
0
0
1
1
1
1
0
0
1
1
0
0
0
1
1
1
0
0
1
0
1
0
0
0
2
0
0
0
1
1
0
0
0
0
1
0
0
1
0
1
0
1
1
0
1
1
0
0
0
0
0
0
1
0
1
0
0
0
1
0
0
0
1
0
1
1
0
1
0
0
1
0
1
0
0
0
0
0
0
2
1
1
0
0
0
1
0
0
0
0
0
1
0
0
0
2
0
1
1
0
0
0
0
0
2
2
0
0
0
0
1
0
0
0
0
0
0
0
0
0
0
0
1
0
0
0
1
2
1
0
0
1
1
0
0
0
0
0
0
0
0
1
1
0
0
0
0
1
0
1
0
1
0
0
1
0
0
0
0
0
1
0
0
1
0
0
1
0
0
0
0
0
0
0
0
1
0
0
1
0
0
2
1
0
0
2
0
1
2
0
3
1
1
1
0
0
2
0
2
0
1
0
1
2
2
1
1
0
0
1
1
2
0
0
0
1
0
2
0
1
1
0
0
0
0
1
1
0
0
0
0
1
0
1
1
0
2
0
1
0
3
3
0
0
1
1
1
0
0
1
0
2
1
1
0
0
1
0
1
0
0
1
1
2
0
0
0
1
0
1
2
0
1
1
0
0
0
0
3
0
1
0
0
0
2
0
0
1
1
0
2
2
1
1
0
2
0
0
0
0
1
0
2
0
0
1
1
0
0
1
0
0
4
0
0
1
0
2
0
1
2
1
1
0
1
2
1
2
0
0
0
0
1
0
0
0
0
1
0
0
0
0
2
1
0
1
0
2
1
4
0
0
2
0
0
4
1
3
2
1
0
0
0
0
0
2
0
1
0
1
1
0
0
0
0
2
0
0
0
2
0
0
0
0
1
2
0
1
3
0
1
1
0
1
1
0
1
0
2
0
0
0
0
1
1
0
1
0
0
2
0
0
0
0
0
1
0
0
2
1
1
1
0
0
1
0
0
1
3
0
0
0
0
1
0
1
1
0
1
0
0
1
0
0
1
0
2
1
0
0
1
1
1
0
1
0
0
0
0
1
0
0
0
0
0
0
0
4
0
0
0
2
0
0
0
2
1
1
0
2
0
0
1
1
0
1
0
1
0
0
0
0
1
0
0
0
0
0
1
2
1
0
0
0
0
0
2
0
0
0
0
0
0
1
0
1
0
0
0
0
0
1
0
1
0
0
0
0
0
0
0
0
0
0
1
1
0
0
1
0
1
0
1
1
0
0
0
0
0
2
1
0
0
0
0
0
2
0
1
2
0
2
1
1
0
3
0
0
1
2
2
1
0
2
1
2
1
0
2
0
1
1
5
0
3
0
3
4
1
0
0
3
0
0
3
1
1
5
1
1
2
3
4
3
5
1
1
4
1
1
4
2
1
1
1
2
5
1
0
3
2
1
1
2
0
3
2
1
1
2
1
1
0
2
5
0
4
1
0
1
2
1
2
2
1
0
1
0
1
2
2
1
1
1
1
2
0
1
0
1
1
1
0
1
1
0
0
2
0
1
1
1
0
1
1
0
1
1
0
1
0
0
0
1
0
0
0
1
0
0
1
0
0
0
0
0
0
1
1
0
0
2
0
0
0
0
1
1
2
1
1
1
1
0
0
0
0
0
0
0
0
0
1
1
0
0
1
0
0
0
2
2
1
1
1
1
0
0
0
1
0
2
0
0
0
1
0
0
0
0
2
1
0
0
0
0
0
0
0
0
1
0
0
0
0
0
0
0
1
1
0
0
1
1
1
0
0
0
1
0
0
0
1
0
0
2
0
0
0
0
0
0
0
1
0
0
0
0
0
0
0
0
1
0
0
0
0
0
0
1
1
0
0
0
1
0
0
0
0
1
0
0
0
0
0
0
1
0
0
1
0
1
0
0
0
0
1
0
0
1
1
0
0
0
0
0
0
2
1
0
0
0
0
0
2
0
0
0
0
2
0
0
0
0
0
0
1
0
1
1
0
3
0
0
0
0
0
0
0
0
1
0
0
0
0
0
0
0
0
0
0
0
1
1
0
0
0
0
0
1
0
0
0
0
1
0
0
1
1
0
0
0
0
1
2
0
0
0
0
1
0
1
1
1
0
1
0
0
0
0
0
0
0
0
0
0
0
0
1
0
0
1
0
0
0
1
0
0
0
0
0
0
0
1
1
1
0
1
0
1
0
0
1
0
0
0
0
1
0
0
1
0
1
1
0
0
0
0
0
0
0
0
1
1
0
0
0
0
0
1
0
0
0
1
0
1
0
0
0
0
1
0
0
0
0
0
0
0
0
0
1
0
0
0
0
0
1
1
0
2
0
0
1
0
0
1
0
2
1
1
0
1
1
0
0
0
0
3
0
0
0
4
0
0
0
0
1
2
0
1
1
0
0
0
2
0
0
2
0
0
3
1
1
1
0
3
0
0
1
0
1
1
0
1
0
1
3
0
1
0
1
1
1
1
0
1
0
0
2
0
2
0
1
0
0
3
0
0
0
1
2
1
1
2
0
0
1
0
1
1
0
0
0
0
0
0
0
0
1
0
1
0
0
1
0
0
0
0
0
0
1
0
3
0
0
0
1
1
1
0
0
0
0
0
0
0
0
0
1
1
0
0
0
0
2
1
0
0
0
0
1
1
0
0
0
0
0
0
0
0
0
1
0
2
1
1
0
0
1
0
1
0
0
0
0
0
0
1
1
0
0
0
1
0
0
0
0
1
0
0
0
0
0
0
0
1
0
0
2
1
0
0
0
1
1
0
1
0
0
0
0
0
0
1
0
0
2
0
0
0
0
0
0
0
0
1
0
0
1
2
0
0
1
1
4
2
1
0
0
2
0
1
0
0
0
3
1
0
1
1
0
1
0
1
0
1
1
1
0
2
0
0
0
1
1
1
1
0
0
0
0
1
0
0
0
0
0
0
1
0
0
0
1
1
0
2
0
0
0
0
0
0
0
0
0
1
0
1
1
1
0
2
2
0
0
0
0
1
0
1
2
0
0
0
0
0
2
0
1
1
0
0
0
0
1
0
1
0
0
0
0
0
1
0
0
0
0
1
1
1
0
0
0
0
0
2
0
0
0
0
0
0
0
2
0
0
0
0
0
3
0
0
0
0
0
0
0
0
0
1
0
0
0
1
0
0
1
1
0
0
0
0
0
0
0
0
0
0
0
0
0
1
0
0
0
0
0
1
0
0
0
1
0
1
0
0
0
0
0
0
1
0
0
0
0
0
0
0
0
0
0
1
0
0
0
0
0
0
0
1
0
0
0
0
1
0
0
0
0
0
0
1
0
0
0
1
1
0
0
0
0
1
0
0
0
0
0
0
0
0
0
0
1
1
0
1
0
1
0
1
0
0
0
0
1
0
0
0
1
1
1
0
1
0
0
0
0
0
0
1
0
0
0
0
1
0
0
0
0
1
0
1
0
0
0
0
0
0
0
1
0
0
0
1
0
0
1
0
0
0
2
1
0
0
1
0
0
0
0
0
0
0
0
0
0
0
0
0
0
0
1
0
0
0
0
1
0
0
0
0
0
0
1
0
0
0
0
1
0
0
0
0
1
0
1
0
1
0
0
0
0
0
0
0
1
0
0
0
0
0
1
0
1
2
0
0
0
0
0
0
0
0
1
0
0
1
1
0
0
0
0
0
0
1
0
0
1
0
0
1
0
0
0
0
1
0
0
0
0
0
1
1
1
0
0
0
0
1
0
0
0
0
0
0
0
0
0
1
0
0
0
0
1
0
0
0
0
1
0
0
0
0
0
0
0
1
0
0
0
1
1
1
0
0
0
0
1
0
0
0
0
1
0
0
1
0
0
1
0
1
0
0
0
0
0
0
1
1
0
0
0
0
0
0
0
1
0
0
0
0
0
0
0
0
1
0
0
0
0
0
0
0
0
0
0
0
1
1
0
1
0
0
1
0
1
0
0
0
0
1
0
0
0
0
0
1
0
1
0
0
0
0
0
1
1
1
1
1
0
0
0
0
0
0
0
0
1
0
0
0
1
0
1
0
0
0
0
1
0
0
0
0
0
0
0
0
0
0
1
2
0
0
2
0
0
0
0
0
0
0
0
0
0
0
0
1
0
0
0
0
0
0
0
1
0
0
0
0
0
0
0
0
0
0
0
0
0
1
0
1
0
0
0
0
0
0
1
2
0
0
0
0
0
1
0
0
1
0
1
0
0
0
0
0
0
0
1
0
1
0
0
0
0
0
0
0
0
0
0
0
0
0
1
0
0
0
1
0
0
0
0
0
0
1
0
0
0
0
0
0
0
0
0
0
0
1
0
1
0
0
0
0
0
1
0
2
0
1
0
1
0
0
0
0
0
0
0
0
1
0
0
1
0
0
0
1
0
0
1
0
0
0
0
0
0
1
1
0
1
0
1
0
0
0
0
0
0
0
0
1
0
0
0
0
1
0
0
0
0
0
0
0
1
0
0
0
0
1
0
0
0
1
0
1
0
0
1
0
0
0
1
0
1
0
0
0
0
1
0
0
0
0
0
3
0
0
0
0
0
0
0
0
0
0
0
1
0
1
0
0
0
0
0
0
0
0
1
0
0
1
0
0
0
1
0
0
1
0
0
0
1
0
0
1
0
0
0
1
0
0
0
1
0
0
1
0
0
1
0
0
0
0
0
1
0
0
0
0
0
0
0
0
0
1
0
0
0
0
0
0
0
1
1
1
2
0
1
0
0
0
0
0
0
0
0
0
0
1
0
1
0
0
1
0
1
1
0
1
0
0
0
0
0
1
0
0
0
1
0
1
0
0
0
0
0
0
0
1
1
1
0
0
1
0
0
0
0
3
0
0
0
0
0
0
0
0
0
0
1
1
0
1
0
0
1
0
0
1
0
0
0
0
0
0
0
0
0
0
0
0
0
0
0
0
0
1
0
0
0
0
1
0
0
0
0
0
1
0
0
0
0
1
0
0
0
0
0
0
0
0
0
1
0
0
0
0
1
0
0
0
0
0
0
1
0
0
0
0
0
0
1
1
0
0
1
0
0
0
0
0
0
0
0
1
0
0
0
0
0
0
0
1
0
0
0
0
0
0
0
0
0
1
0
0
0
0
0
0
1
0
0
0
1
0
1
0
0
1
0
0
1
0
0
0
1
0
0
0
1
0
0
0
0
0
0
0
0
0
0
2
0
0
0
2
0
0
0
0
0
1
0
0
0
0
0
0
0
1
0
0
0
0
0
0
0
0
0
0
0
0
1
1
1
0
0
0
0
2
0
0
0
0
0
0
0
0
0
0
0
0
0
0
0
0
2
0
0
0
0
0
1
0
0
0
0
1
0
0
0
0
0
0
0
1
2
0
0
0
0
0
0
0
0
0
0
0
0
0
1
0
1
0
0
0
0
1
0
1
0
1
0
0
1
0
0
0
0
0
0
0
0
0
0
0
0
2
0
1
0
1
0
1
0
1
0
0
1
0
0
0
0
0
0
0
0
0
0
0
1
0
1
0
0
0
0
0
0
2
1
0
1
0
0
0
0
0
0
0
0
0
0
0
0
0
0
0
0
0
0
0
1
1
0
0
0
2
0
0
2
1
0
0
0
0
0
0
0
0
0
0
0
1
0
0
0
0
0
1
0
0
0
0
0
0
0
0
0
0
0
0
0
0
0
0
0
0
0
0
0
0
0
0
0
0
0
0
1
0
1
1
0
0
0
0
1
0
0
0
0
0
0
0
0
0
0
0
0
0
1
0
0
1
0
0
1
1
1
1
0
0
1
0
0
0
0
0
0
0
0
0
0
0
0
1
0
0
0
1
1
0
0
1
1
0
0
1
1
0
0
1
0
0
0
0
0
0
0
1
0
0
0
0
0
0
0
0
0
1
0
0
0
1
0
0
0
0
0
0
0
1
0
0
0
0
0
0
0
1
0
0
0
0
0
0
0
0
0
0
0
0
1
0
0
1
0
0
0
0
0
0
0
0
1
0
1
0
0
0
0
0
0
0
0
0
0
0
0
1
0
0
0
0
1
0
0
0
0
0
0
0
1
0
1
0
0
0
1
1
0
0
1
0
0
0
0
0
0
0
0
0
0
0
0
0
0
0
0
0
0
0
0
0
0
0
0
0
0
0
0
1
0
1
0
0
0
0
0
0
0
0
0
0
0
0
1
0
0
0
0
1
0
0
0
1
0
0
0
0
0
0
0
0
0
0
0
0
0
0
0
0
0
0
0
1
0
0
0
0
0
0
0
0
0
0
0
0
0
0
0
0
0
0
0
0
0
0
0
0
0
0
0
0
0
0
0
0
0
0
0
0
1
0
1
0
0
0
0
1
0
0
0
0
1
0
0
2
1
0
0
0
0
0
0
0
0
0
0
0
0
0
0
0
0
0
0
0
0
0
0
0
0
0
0
1
0
0
0
0
0
1
0
0
0
0
1
1
0
0
0
0
0
0
0
0
0
0
0
0
0
0
0
0
0
0
1
1
0
0
0
0
0
0
0
0
0
0
0
0
0
1
0
0
0
2
0
0
0
0
0
0
0
0
0
0
1
0
0
0
0
0
0
0
0
0
0
0
0
0
0
0
1
0
0
0
2
0
0
0
0
0
0
0
1
0
0
0
0
0
0
0
0
0
0
0
0
1
1
0
1
0
0
0
0
1
0
0
0
0
0
0
0
0
0
0
1
0
0
0
0
1
0
0
0
0
0
0
0
0
0
0
0
2
0
0
0
0
0
0
0
1
0
0
0
0
0
0
0
1
0
0
0
0
0
0
0
0
0
0
0
0
1
0
0
0
0
0
0
1
0
1
0
0
1
0
0
0
0
0
0
0
0
0
0
0
0
0
0
0
0
0
0
0
0
0
0
0
0
0
0
1
0
0
1
0
0
0
0
0
0
0
0
0
0
0
1
1
0
0
0
0
0
0
0
1
0
0
0
0
1
0
0
0
1
0
1
0
0
0
0
0
0
0
0
0
0
0
0
1
0
1
0
1
1
0
0
0
2
0
0
0
0
0
0
0
0
0
0
0
0
0
0
1
0
0
0
0
0
0
0
0
0
0
0
0
0
0
1
0
0
1
0
0
0
0
1
0
0
0
1
1
0
1
0
0
0
0
0
0
0
0
0
0
0
0
0
0
0
0
0
0
0
0
0
0
0
0
0
0
0
0
0
0
0
0
0
0
0
0
0
0
0
0
0
0
0
0
0
0
0
0
0
0
0
0
0
0
0
0
0
0
0
0
0
0
0
0
0
0
1
0
0
0
0
0
1
0
0
0
1
1
0
0
0
0
0
0
0
0
0
0
1
0
0
1
0
0
0
0
1
0
0
0
0
0
0
0
0
0
1
0
0
0
0
0
0
0
0
0
0
0
0
0
0
1
0
0
0
0
0
1
0
0
0
0
0
0
0
0
1
0
0
0
0
0
0
0
1
0
0
0
1
0
0
0
1
0
0
1
0
0
0
0
1
0
0
0
0
0
0
0
0
0
1
0
0
0
0
0
0
0
0
0
0
0
0
0
0
0
0
0
0
0
0
0
0
0
0
0
0
0
0
0
0
0
0
0
0
0
0
1
0
0
0
0
0
0
0
0
0
0
0
1
0
0
0
0
0
0
0
0
0
0
0
0
0
0
0
0
0
0
0
0
1
0
0
0
0
0
0
0
0
0
0
0
0
0
0
0
0
0
0
0
0
0
1
0
0
0
1
0
1
0
0
0
1
0
0
0
0
0
0
0
0
0
0
0
0
0
0
0
0
0
0
0
0
0
0
0
0
0
0
0
0
0
0
0
0
0
0
0
0
0
0
0
0
0
0
0
0
0
0
0
0
0
0
0
1
0
0
0
0
0
0
0
0
1
0
0
0
0
0
0
0
0
0
0
0
1
0
0
0
0
0
0
0
0
0
0
0
0
0
0
0
0
0
0
0
0
0
0
0
0
0
0
0
0
0
0
0
0
1
0
0
0
0
0
0
0
0
0
0
0
1
0
0
1
0
0
0
0
0
0
0
0
0
0
0
1
0
0
0
0
0
0
0
0
0
0
1
0
0
0
0
0
0
0
0
0
0
0
0
0
0
0
0
0
0
0
0
0
1
0
0
0
0
0
0
0
0
0
0
0
0
0
0
0
0
0
0
1
1
0
0
0
0
0
0
0
0
0
0
0
0
0
0
0
0
0
0
0
0
0
0
0
1
0
0
0
0
0
0
0
1
0
0
0
0
0
0
0
0
0
0
0
0
0
0
0
0
0
0
0
1
0
0
0
0
0
0
0
1
0
1
0
0
0
1
0
0
0
0
0
0
0
0
0
0
0
0
0
0
0
0
0
0
0
0
0
0
0
0
0
1
0
0
0
0
0
0
0
0
0
0
0
0
0
0
0
0
0
0
0
0
0
0
0
0
0
0
1
0
0
0
0
0
0
0
0
0
1
0
0
0
0
0
0
0
0
0
0
0
0
0
0
0
1
0
0
0
0
0
0
0
0
0
0
1
0
0
0
0
0
0
0
0
0
0
0
0
1
0
0
0
0
0
0
0
0
0
0
0
0
0
0
0
0
0
0
0
0
0
0
0
0
0
1
0
0
0
0
0
0
0
0
0
1
0
0
0
0
<<END>>
<<DP5 CONFIGURATION>>
RESC=?;    Reset Configuration
CLCK=20;    20MHz/80MHz
TPEA=32.000;    Peaking Time
GAIF=0.9727;    Fine Gain
GAIN=29.999;    Total Gain (Analog * Fine)
RESL=13107;    Detector Reset Lockout
TFLA=1.200;    Flat Top
TPFA=1600;    Fast Channel Peaking Time
PURE=ON;    PUR Interval On/Off
RTDE=OFF;    RTD On/Off
MCAS=NORM;    MCA Source
MCAC=8192;    MCA/MCS Channels
SOFF=OFF;    Set Spectrum Offset
AINP=NEG;    Analog Input Pos/Neg
INOF=DEF;    Input Offset
GAIA=12;    Analog Gain Index
CUSP=0;    Non-Trapezoidal Shaping
PDMD=NORM;    Peak Detect Mode (Min/Max)
THSL=4.492;    Slow Threshold
TLLD=OFF;    LLD Threshold
THFA=11.62;    Fast Threshold
DACO=OFF;    DAC Output
DACF=0;    DAC Offset
RTDS=0;    RTD Sensitivity
RTDT=0.00;    RTD Threshold
BLRM=1;    BLR Mode
BLRD=3;    BLR Down Correction
BLRU=0;    BLR Up Correction
GATE=OFF;    Gate Control
AUO1=ICR;    AUX_OUT Selection
PRET=60.0;    Preset Time
PRER=60.000;    Preset Real Time
PREC=OFF;    Preset Counts
PRCL=0;    Preset Counts Low Threshold
PRCH=0;    Preset Counts High Threshold
HVSE=180;    HV Set
TECS=225;    TEC Set
PAPS=ON;    Preamp 8.5/5 (N/A)
SCOE=RI;    Scope Trigger Edge
SCOT=87;    Scope Trigger Position
SCOG=1;    Digital Scope Gain
MCSL=0;    MCS Low Threshold
MCSH=0;    MCS High Threshold
MCST=0.00;    MCS Timebase
AUO2=ICR;    AUX_OUT2 Selection
TPMO=OFF;    Test Pulser On/Off
GPED=FA;    G.P. Counter Edge
GPIN=AUX1;    G.P. Counter Input
GPME=OFF;    G.P. Counter Uses MCA_EN?
GPGA=OFF;    G.P. Counter Uses GATE?
GPMC=OFF;    G.P. Counter Cleared With MCA Counters?
MCAE=OFF;    MCA/MCS Enable
BOOT=ON;    Turn Supplies On/Off At Power Up
<<DP5 CONFIGURATION END>>
<<DPP STATUS>>
Device Type: DP5
Serial Number: 13140
Firmware: 6.07  Build:  3
FPGA: 6.02
Fast Count: 759032
Slow Count: 150178
GP Count: 1
Accumulation Time: 36.971000
Real Time: 60.000000
Dead Time: 80.21%
HV Volt: 181V
TEC Temp: 227K
Board Temp: 40°C
<<DPP STATUS END>>
