<<PMCA SPECTRUM>>
TAG - live_data
DESCRIPTION - 
GAIN - 5
THRESHOLD - 0
LIVE_MODE - 0
PRESET_TIME - 0
LIVE_TIME - 9.891511
REAL_TIME - 40.390000
START_TIME - 03/07/2018 16:08:00
SERIAL_NUMBER - 0
<<CALIBRATION>>
LABEL - keV
809.65 3.66
810.98 3.66
1816.99 8.05
2012.04 8.9
2012.55 8.9
2393.16 10.55
2393.61 10.55
2862.68 12.612
2862.87 12.612
5717.27 25.27
5718.07 25.27
6460.66 28.48
6462.08 28.48
<<ROI>>
592 1088
5559 5887
6373 6553
<<DATA>>
0
0
0
0
0
0
0
0
0
0
0
0
0
0
0
0
0
0
0
0
0
0
0
0
0
0
0
0
0
0
0
0
0
0
0
0
0
0
0
0
0
0
0
0
0
0
0
0
0
0
0
0
0
0
0
0
0
0
0
0
0
0
0
0
0
0
0
0
0
0
0
0
0
0
0
0
0
0
0
0
0
0
0
0
0
0
0
0
0
0
0
0
0
0
0
0
0
0
0
0
0
0
0
0
0
0
0
0
0
0
0
0
0
0
0
0
0
0
0
0
0
0
0
0
0
0
0
0
0
0
0
0
0
0
0
0
0
0
0
0
0
0
0
0
0
0
0
0
0
0
0
0
0
0
0
0
0
0
0
0
0
0
0
0
0
0
0
0
0
0
0
0
0
0
0
0
0
0
0
0
0
0
0
0
0
0
0
0
0
0
0
0
0
0
0
0
0
0
0
0
0
0
0
0
0
0
0
0
0
0
0
0
0
0
0
0
0
0
0
0
0
0
0
0
0
0
0
0
0
0
0
0
0
0
0
0
0
0
0
0
0
0
0
0
0
0
0
0
0
0
0
0
0
0
0
0
0
0
0
0
0
0
0
0
0
0
0
0
0
0
0
0
0
0
0
0
0
0
0
0
0
0
0
0
0
0
0
0
0
0
0
0
0
0
0
0
0
0
0
0
0
0
0
0
0
0
0
0
0
0
0
0
0
0
0
0
0
0
0
0
0
0
0
0
0
0
0
0
0
0
0
0
0
0
0
0
0
0
0
0
0
0
0
0
0
0
0
0
0
0
0
0
0
0
0
0
0
0
0
0
0
0
0
0
0
0
0
0
0
0
0
0
0
0
0
0
1
0
0
0
0
0
1
0
1
1
0
0
0
0
0
0
0
0
0
0
0
0
0
0
0
1
1
0
0
0
0
0
0
0
0
0
0
0
0
0
1
0
0
0
0
1
0
0
2
0
0
1
0
1
0
0
0
0
0
0
0
0
0
0
0
1
0
1
0
0
2
0
0
0
2
0
1
1
0
1
0
0
0
0
2
1
1
0
0
0
0
0
1
0
0
0
0
1
0
0
0
0
0
1
0
0
0
0
1
0
0
0
0
0
0
0
0
0
0
0
0
0
2
0
0
0
0
2
0
0
0
0
1
0
0
0
2
0
0
0
1
0
0
0
0
1
0
0
0
0
0
1
0
0
0
2
0
0
1
2
0
1
1
1
1
0
0
0
0
0
0
2
0
0
0
2
0
0
0
1
0
3
2
0
1
0
1
0
0
1
0
2
0
1
1
0
1
0
0
1
1
0
0
1
3
0
0
2
0
2
0
0
2
1
0
2
2
1
1
1
1
0
0
0
2
1
0
0
1
2
0
1
0
1
1
0
0
1
1
1
1
3
0
1
1
2
1
1
1
2
1
0
1
1
5
2
2
0
2
0
1
0
2
2
2
5
0
2
5
3
3
4
3
4
5
9
3
7
6
11
8
12
14
16
8
13
12
9
18
12
17
11
13
18
12
12
15
14
12
16
27
8
5
14
6
11
15
12
9
8
6
7
7
10
6
11
4
5
4
9
5
3
4
3
6
7
3
5
1
5
4
4
4
7
3
6
7
6
8
4
0
7
7
3
4
6
6
8
6
4
7
2
4
7
6
8
6
11
10
11
7
11
6
8
11
14
5
9
6
8
10
14
8
7
6
10
7
7
10
5
6
8
6
8
3
4
5
7
5
5
1
5
5
4
2
7
3
2
0
3
4
1
1
4
2
2
1
0
4
1
1
2
1
0
2
0
0
0
3
1
2
0
1
1
1
2
0
1
2
0
1
3
0
0
2
1
0
0
0
0
0
1
1
1
3
4
3
1
0
0
3
3
0
3
0
1
1
3
5
2
1
4
4
4
3
2
3
3
3
1
5
3
5
3
4
6
1
3
5
8
4
3
4
2
6
2
10
2
7
6
0
3
3
4
5
4
3
2
5
3
4
2
4
3
2
2
3
1
0
0
2
1
1
2
3
0
1
1
2
0
5
0
1
1
0
1
0
2
4
1
0
0
1
1
1
1
0
1
1
1
0
1
3
1
0
0
1
0
0
1
0
1
0
0
1
0
2
0
0
0
3
0
2
0
3
0
0
0
0
0
1
0
2
1
0
2
0
1
1
2
0
0
1
1
1
2
0
1
0
0
0
1
1
3
0
2
0
1
1
0
0
1
0
0
1
0
2
1
1
0
0
1
1
0
0
0
0
1
1
0
2
2
3
0
0
0
0
0
0
1
0
0
0
1
0
3
2
0
2
0
1
2
3
0
0
0
0
1
0
1
0
0
2
2
0
1
1
0
2
0
1
0
3
0
1
1
0
0
0
1
0
1
1
2
2
1
0
0
1
1
1
1
0
1
2
0
0
0
0
3
0
0
1
0
0
0
2
1
0
1
3
1
1
1
1
0
0
0
0
3
0
1
1
1
1
2
0
0
1
0
1
0
1
0
2
2
1
0
0
1
1
1
0
1
3
0
2
2
0
2
1
2
1
1
1
0
0
1
2
0
2
1
1
1
2
3
1
1
4
1
1
0
1
1
1
3
1
1
1
1
0
2
0
1
0
0
3
1
2
2
1
1
3
0
3
0
2
0
2
1
1
1
1
3
2
0
2
0
1
2
2
4
1
3
1
1
3
0
1
3
2
1
3
1
4
6
5
2
2
5
9
3
6
6
7
2
1
3
9
8
9
10
5
7
6
11
10
12
6
6
6
7
8
10
12
7
6
6
7
7
5
8
5
4
13
6
8
5
7
8
5
7
4
3
3
7
6
2
3
3
3
2
2
1
1
4
1
1
5
3
1
3
3
1
2
2
2
2
3
1
2
2
4
3
3
3
2
0
4
1
5
2
4
1
1
3
5
2
1
3
1
6
2
4
2
4
3
4
4
4
5
3
6
4
6
8
6
4
7
6
9
4
4
9
8
8
11
12
12
10
15
15
13
11
15
11
15
13
13
13
12
11
13
15
20
19
10
17
18
20
16
12
17
12
16
13
9
9
18
6
7
8
15
11
11
10
7
12
7
5
8
9
2
5
9
7
3
1
7
3
4
7
2
3
5
4
3
4
1
1
4
4
3
5
2
4
2
5
4
5
5
6
4
3
5
5
5
7
7
7
5
5
5
9
7
5
9
5
10
8
8
8
9
7
12
9
8
11
9
15
17
10
13
14
8
20
12
15
16
9
21
19
23
12
17
19
13
19
12
17
14
22
16
14
14
18
22
8
15
12
13
15
13
15
16
17
10
12
7
12
14
10
11
7
10
7
17
14
10
4
15
8
6
8
7
9
4
13
10
7
4
6
4
6
7
9
5
4
9
4
3
4
3
4
3
3
4
5
9
2
5
5
1
3
3
7
4
4
7
4
2
0
6
6
4
5
4
4
5
5
3
1
3
0
3
2
3
3
3
2
7
4
2
2
5
1
1
7
2
3
1
4
4
2
4
5
7
2
2
4
5
4
4
1
1
2
3
4
4
3
3
4
3
2
3
3
7
4
5
1
6
3
3
4
3
2
3
4
5
7
3
3
12
3
3
2
5
6
3
4
5
8
6
4
5
4
6
1
5
9
7
1
4
3
6
4
1
3
4
4
3
5
3
5
3
6
4
3
5
8
5
3
3
4
6
6
0
7
5
3
2
3
6
9
9
7
9
12
11
14
14
13
22
15
16
16
22
31
35
25
42
46
54
68
62
76
90
108
89
123
121
136
185
182
166
192
221
254
285
299
332
377
382
409
425
457
479
562
555
560
588
648
649
714
734
674
777
824
768
851
784
818
827
862
776
866
783
763
819
772
799
757
800
761
680
692
611
682
600
605
498
535
541
424
441
407
397
354
316
286
260
280
255
205
190
178
132
151
138
96
106
100
105
72
81
68
65
62
43
44
34
48
31
25
29
28
30
21
26
18
24
19
20
18
11
8
16
17
15
13
21
24
15
15
25
21
24
26
31
37
48
43
51
50
73
70
87
109
121
129
134
134
175
184
239
245
290
337
372
393
434
516
480
592
627
714
789
775
946
928
1029
1146
1156
1327
1353
1418
1484
1662
1619
1716
1777
1913
2058
1912
2176
2115
2249
2229
2373
2271
2439
2380
2411
2453
2308
2461
2275
2446
2346
2172
2303
2159
2229
2054
2062
1898
2017
1827
1697
1657
1552
1515
1400
1364
1245
1163
1139
983
941
922
858
755
737
677
581
584
484
454
397
428
367
364
398
296
311
271
267
243
205
228
233
190
182
191
178
175
165
157
165
146
149
132
129
137
143
147
121
106
78
103
98
91
84
101
74
73
68
69
65
52
56
43
52
48
34
32
28
26
29
23
19
22
14
14
11
12
12
10
16
15
12
13
9
9
9
5
9
8
2
8
6
8
7
10
7
8
6
12
7
7
5
9
5
10
7
7
9
5
4
8
9
9
14
11
18
11
14
11
18
16
17
18
7
10
14
21
21
12
14
13
11
19
18
20
21
30
25
37
22
17
26
43
52
44
40
58
57
60
58
78
65
82
85
99
114
109
107
137
139
120
128
145
149
152
152
186
177
184
206
218
194
222
213
221
227
236
256
217
239
209
238
239
218
233
224
243
200
221
203
202
183
199
167
173
168
149
162
162
119
124
109
83
93
114
100
72
84
54
66
57
54
41
48
53
28
29
34
25
32
29
18
20
12
15
9
11
5
12
5
8
3
5
7
3
5
1
5
0
0
5
0
1
1
1
1
0
1
0
0
2
1
0
1
0
0
2
0
0
1
2
0
0
1
1
0
0
1
0
1
2
0
1
0
1
1
0
0
1
0
2
2
1
1
1
0
1
0
1
0
0
1
4
2
2
0
1
0
0
1
1
1
0
0
2
0
0
2
1
1
1
1
0
1
2
0
1
1
0
2
1
0
1
1
2
1
0
0
0
0
2
2
0
0
1
0
0
0
0
0
0
0
2
0
0
0
0
0
2
0
1
1
0
1
0
0
1
0
0
1
1
0
1
0
2
0
0
1
0
2
2
3
1
1
1
0
1
0
1
0
1
1
0
1
0
0
1
1
3
1
0
1
1
0
1
1
2
0
1
1
0
2
0
1
1
2
0
1
0
1
1
1
1
0
1
0
1
1
0
0
1
0
0
1
0
0
0
0
0
0
2
0
1
1
0
1
0
0
0
0
2
0
0
0
0
0
0
0
0
0
0
1
0
0
0
0
0
0
0
1
1
1
1
0
0
0
1
0
0
0
1
0
0
0
2
0
1
0
1
0
1
0
0
0
0
0
0
0
0
0
0
0
1
0
0
1
2
0
0
0
0
0
1
0
0
0
0
0
0
0
0
2
0
0
0
1
1
0
0
0
1
2
0
0
0
1
0
1
1
0
0
0
1
0
1
0
3
0
1
0
0
1
0
0
0
1
3
1
0
0
1
2
0
0
0
1
1
1
0
0
0
1
1
1
1
0
0
1
1
0
1
2
1
1
3
0
0
0
0
1
0
1
1
0
0
1
1
1
0
0
0
0
0
0
0
1
0
1
1
0
1
0
0
0
1
0
0
0
1
1
0
0
0
0
1
1
1
0
1
0
1
1
0
1
2
0
0
0
1
2
0
3
1
0
1
0
1
0
1
0
2
2
1
0
0
0
1
1
1
0
1
1
0
2
2
1
0
0
3
1
1
0
0
0
0
0
2
1
0
1
2
2
1
2
1
1
1
3
2
1
0
1
1
0
1
0
2
0
2
2
1
0
2
1
0
1
2
1
3
0
0
3
1
1
0
1
0
0
3
4
2
4
1
3
3
1
2
0
2
0
1
1
1
2
0
2
0
1
2
2
0
0
1
1
3
2
5
2
0
1
1
1
0
3
1
1
1
0
1
0
1
0
2
1
3
0
1
3
1
0
2
0
1
1
1
1
0
1
1
0
1
1
1
0
1
0
3
1
1
2
0
1
1
3
1
0
2
0
0
0
0
0
2
0
2
0
1
0
1
0
0
0
1
0
1
1
0
1
0
1
1
0
0
1
0
0
1
1
1
2
0
1
0
1
1
1
1
1
1
0
0
0
0
0
1
1
0
0
0
0
1
1
1
0
1
0
0
2
1
0
0
1
1
0
1
0
2
0
0
1
0
0
0
2
2
0
0
0
0
1
1
1
0
0
1
1
0
2
2
0
0
2
1
0
1
1
2
0
0
1
0
0
1
0
0
0
1
1
0
1
1
2
1
1
1
0
0
1
1
2
0
0
0
0
1
1
0
0
2
1
2
0
0
2
1
1
0
0
1
0
0
2
0
0
3
0
1
0
0
1
1
1
0
0
2
1
1
0
0
0
0
0
1
0
0
1
1
0
1
2
0
1
0
0
0
1
1
0
0
1
0
0
1
0
0
0
0
0
0
0
1
1
1
1
1
1
1
2
0
1
0
4
0
0
1
0
0
0
0
1
1
0
0
1
0
0
2
1
0
1
2
0
1
0
1
3
3
0
1
2
2
0
3
1
0
3
0
0
0
0
0
0
0
0
1
1
0
0
0
0
0
1
0
2
1
0
0
0
1
1
0
1
1
2
0
0
0
0
1
0
1
0
1
1
2
3
1
0
0
1
1
1
0
0
0
1
0
0
1
0
1
0
0
1
0
0
0
0
1
0
0
0
1
1
0
1
1
0
1
1
2
1
1
1
0
0
1
0
0
2
0
0
2
0
0
0
1
0
0
1
0
1
0
0
0
1
0
1
0
1
0
2
1
0
0
0
1
0
0
1
0
1
0
0
0
0
2
0
1
0
1
0
0
0
0
1
1
0
0
1
1
0
0
0
0
0
1
0
0
2
0
0
1
0
2
0
1
1
0
0
0
1
0
2
0
1
1
1
0
0
6
2
0
0
1
0
0
1
2
0
1
0
2
1
2
3
2
1
0
0
0
1
2
0
1
3
1
1
1
0
1
2
0
0
0
0
0
0
1
2
0
2
0
0
2
1
0
2
1
1
1
0
2
1
0
0
1
1
0
1
1
0
0
1
0
2
0
2
2
6
0
1
2
1
1
1
3
0
0
2
1
1
1
1
2
1
1
0
0
3
2
0
2
0
1
0
1
0
0
4
0
3
2
1
3
2
0
0
0
0
0
1
0
2
0
2
0
0
1
1
2
0
1
2
0
1
0
1
2
2
1
1
0
2
0
1
1
1
1
2
0
2
1
1
2
2
0
2
0
1
4
4
0
1
0
1
1
4
2
1
0
1
3
1
0
0
1
0
0
1
1
1
0
1
1
0
0
1
2
0
1
0
0
0
1
1
2
1
0
3
2
1
3
2
1
1
1
4
2
1
0
3
0
0
0
0
1
0
1
0
2
1
2
3
2
0
0
0
1
2
2
1
1
2
3
3
2
0
0
2
1
1
3
2
0
0
2
2
2
0
1
2
0
1
1
2
1
1
0
0
1
1
2
5
1
0
0
0
1
2
3
2
1
3
3
0
2
0
0
2
1
3
0
0
2
0
0
0
1
1
4
0
3
0
0
2
1
2
1
1
0
2
2
2
1
1
1
0
0
2
1
3
1
3
1
1
1
0
1
0
2
3
0
1
3
1
3
1
1
2
1
1
1
2
1
2
4
1
2
3
2
0
3
5
3
5
2
1
5
5
1
10
2
4
5
4
3
7
3
4
4
4
6
5
3
2
5
9
5
6
4
2
5
5
7
9
3
5
8
5
9
7
3
4
10
3
2
2
3
7
3
3
3
3
0
3
3
3
5
2
2
4
1
2
0
2
0
3
3
1
2
1
1
1
3
1
1
1
2
1
1
0
0
1
2
1
1
0
0
0
1
2
2
0
0
1
1
1
2
2
2
1
2
3
3
1
1
3
3
1
6
2
4
1
2
6
4
8
8
2
7
4
4
7
15
9
9
6
9
10
7
10
8
12
15
24
18
12
11
11
17
18
17
26
20
18
19
17
16
27
23
14
32
19
32
28
25
35
19
39
25
29
25
28
31
17
26
23
27
17
30
23
15
18
26
14
18
15
20
28
25
10
18
18
20
18
15
16
9
10
18
16
11
6
13
12
13
6
11
8
7
8
6
8
7
2
10
9
4
11
4
4
2
8
5
2
3
5
6
5
3
0
5
1
2
1
2
3
4
3
3
4
2
2
5
0
6
5
4
4
4
7
4
5
3
5
7
6
6
16
7
7
14
9
18
12
12
14
10
24
18
25
18
13
26
24
27
36
22
30
31
24
26
37
33
32
31
35
39
32
33
31
37
28
17
27
43
33
33
42
36
36
39
42
47
35
27
29
36
21
35
30
29
25
27
28
17
24
24
21
31
18
20
20
12
15
14
22
20
11
17
19
19
15
12
11
10
10
15
11
11
13
10
11
10
10
6
16
10
9
7
11
9
12
15
9
5
10
8
5
10
7
6
10
6
4
6
4
4
6
9
5
6
8
3
5
5
4
4
7
5
6
4
2
5
4
3
2
3
2
0
2
4
6
1
4
2
4
1
0
1
5
4
1
0
2
1
3
1
5
0
1
2
2
2
1
0
0
1
0
3
2
2
1
0
1
2
2
0
1
1
0
2
1
0
2
0
0
4
2
1
0
1
0
1
4
3
2
0
0
5
1
5
2
0
2
1
4
5
1
4
6
4
3
4
3
3
4
7
3
5
5
4
6
5
8
4
7
4
4
7
5
2
6
11
10
12
6
6
12
4
9
7
6
7
8
9
12
5
7
1
6
9
8
7
5
4
5
6
3
3
6
2
4
3
4
4
3
8
4
4
5
6
2
4
4
4
5
7
3
1
1
1
1
8
1
3
1
3
4
2
2
2
0
2
1
3
1
3
3
2
2
1
4
1
1
1
0
3
1
1
1
1
0
1
2
1
0
0
2
0
2
0
1
0
2
0
2
0
1
2
0
1
0
1
0
1
2
0
3
0
2
1
0
1
0
0
2
1
0
0
2
0
0
2
0
1
2
0
1
1
0
1
1
1
2
0
0
1
1
0
0
1
0
2
0
0
1
2
1
1
0
0
0
0
2
1
1
1
0
1
1
0
3
0
0
0
0
1
0
0
0
0
0
1
0
0
1
2
0
0
0
0
1
1
1
1
0
0
2
0
1
2
2
1
1
1
1
0
3
0
0
1
1
1
2
2
1
0
2
0
1
2
0
0
0
1
0
0
1
2
1
2
1
2
2
0
1
0
2
1
0
0
2
0
1
1
1
0
0
0
1
0
1
3
1
0
1
0
0
0
1
1
0
0
3
0
0
1
1
0
2
0
1
0
0
1
1
1
0
1
1
0
0
0
0
0
0
1
0
0
2
0
1
0
0
0
1
0
0
0
0
1
0
0
3
0
1
0
0
0
1
1
1
1
0
0
0
1
1
0
0
1
1
0
0
2
0
0
0
0
1
0
0
0
2
2
1
1
1
0
1
0
0
1
0
0
1
0
1
1
1
0
1
0
1
1
1
0
0
0
0
0
0
2
0
0
0
0
0
1
0
2
1
1
0
1
0
0
0
0
0
1
1
0
0
0
0
1
3
0
0
0
0
0
0
0
0
0
0
2
0
0
0
1
1
1
0
0
0
1
0
3
1
2
1
0
1
0
0
1
2
1
1
1
2
1
0
1
0
0
0
0
1
0
0
0
0
0
1
1
0
0
0
1
0
2
0
0
1
1
1
3
0
1
0
0
0
1
0
0
1
1
0
0
1
0
1
3
0
1
1
0
0
0
0
1
0
0
2
0
1
3
1
0
2
0
2
1
0
0
0
1
1
1
0
0
0
1
0
0
0
2
0
0
0
2
0
0
1
1
0
0
0
0
0
0
1
0
0
1
0
0
0
1
0
0
1
0
0
0
0
0
0
1
1
1
0
0
1
0
2
1
0
0
2
0
0
1
0
2
0
0
3
1
1
0
1
1
0
0
0
0
0
1
2
0
1
0
2
1
1
0
1
0
0
1
0
1
0
0
0
1
0
0
0
0
0
1
1
4
1
1
0
0
0
0
1
1
1
0
2
1
0
0
0
1
0
0
0
0
1
1
1
0
1
1
4
1
1
1
1
0
0
1
0
1
2
0
0
0
0
0
0
0
0
0
0
1
0
0
0
1
1
0
1
0
1
1
1
0
1
0
1
0
0
1
0
1
0
1
0
1
1
0
0
0
0
0
0
1
2
1
0
1
0
1
0
1
0
1
0
1
1
1
1
0
1
1
1
0
0
1
3
0
0
0
1
1
1
2
1
1
0
2
0
0
0
0
2
0
0
0
1
2
0
0
1
0
0
2
0
0
0
2
2
2
0
2
0
0
0
0
0
1
0
4
2
0
3
0
2
2
2
4
0
0
1
1
1
1
0
1
0
1
0
0
3
0
0
1
2
0
1
0
0
0
0
1
1
0
1
0
0
0
1
0
0
1
1
0
0
0
1
0
1
0
3
2
0
1
0
0
0
0
1
1
0
0
0
0
1
1
3
0
2
1
0
4
2
0
0
2
0
0
2
1
1
0
2
1
0
1
0
1
1
1
1
0
1
2
2
0
3
0
1
1
2
0
1
1
2
3
1
0
1
0
1
3
3
3
1
1
0
1
1
0
0
0
1
0
1
1
0
0
1
3
1
1
0
0
1
1
1
0
2
1
0
0
0
1
0
0
0
2
1
1
2
1
0
0
0
2
1
1
1
1
0
1
3
1
2
2
1
1
0
1
0
2
0
0
2
2
0
1
2
1
0
0
0
2
0
1
0
1
0
0
1
1
0
2
1
0
1
0
1
0
1
0
1
1
0
0
1
1
0
1
0
0
0
2
2
0
0
0
0
1
0
0
1
1
0
0
0
0
2
0
1
1
0
0
0
0
0
2
0
0
2
1
0
1
0
0
0
0
1
1
1
0
0
1
1
0
1
0
0
1
0
1
1
2
4
1
0
0
2
1
2
0
1
1
0
0
0
1
0
0
2
2
1
1
2
0
0
1
0
1
0
0
1
0
1
1
0
1
0
0
0
0
1
1
1
0
0
1
0
0
0
0
2
0
0
0
1
1
2
0
0
1
1
1
0
1
1
0
1
0
0
1
0
0
0
1
1
0
0
1
1
2
0
0
0
3
0
0
0
1
0
0
0
1
0
0
1
1
0
0
1
1
3
1
1
2
0
0
1
0
0
0
0
1
0
1
0
3
0
2
1
1
1
0
0
1
0
0
0
0
0
0
2
0
1
2
1
0
2
0
1
1
0
0
3
1
0
3
1
1
0
1
0
1
1
2
5
1
0
1
1
2
0
2
3
3
0
0
2
2
3
2
3
2
0
1
2
1
2
1
3
1
1
4
3
2
1
0
4
5
1
2
2
2
2
3
3
3
2
1
2
1
1
1
0
2
2
1
1
0
2
0
5
3
1
4
1
2
5
1
2
0
3
0
0
2
1
0
0
1
3
3
1
1
1
2
3
2
0
1
0
2
2
3
1
1
4
1
0
2
1
0
1
2
0
0
2
1
0
0
1
2
0
1
1
0
1
0
1
0
0
1
0
1
0
1
1
2
1
0
1
1
0
0
1
0
0
1
0
0
0
0
1
0
1
1
0
0
0
0
1
0
1
1
1
0
0
0
1
0
0
0
2
1
1
1
0
1
0
0
0
0
0
1
0
0
1
0
0
1
0
0
0
0
0
0
1
0
0
2
1
1
1
2
0
0
0
0
1
0
0
0
0
0
1
0
2
1
1
0
1
0
1
0
0
0
1
0
0
0
0
0
0
0
0
1
0
0
0
1
0
0
1
0
0
2
0
1
0
0
0
0
0
0
0
1
0
1
0
0
0
0
2
1
2
0
1
0
2
1
0
0
0
0
0
0
3
0
2
0
0
0
0
1
0
0
0
1
2
0
0
0
1
0
0
0
2
0
1
1
0
0
0
1
0
0
0
0
0
0
0
0
1
1
2
1
0
0
2
2
0
1
0
0
1
0
0
1
0
2
2
1
0
0
0
0
0
0
0
0
0
0
1
1
0
1
0
1
0
1
1
0
1
0
0
0
2
1
0
0
1
1
0
0
0
0
1
0
2
0
0
0
0
1
0
0
1
0
0
0
0
0
0
1
1
0
0
0
0
1
0
2
4
0
1
2
2
0
2
0
1
0
0
1
2
0
0
1
0
1
0
0
1
1
3
1
0
2
0
0
1
0
0
0
1
1
2
0
1
0
2
2
0
0
0
0
0
1
1
0
0
3
0
0
0
0
0
0
2
0
0
1
0
0
0
0
1
0
0
0
0
0
0
0
0
0
0
0
0
3
1
0
0
1
1
2
2
0
0
1
1
2
0
1
0
0
0
0
0
2
0
0
0
1
1
2
2
0
1
1
0
0
1
0
0
0
0
1
1
0
1
1
0
0
1
2
2
0
0
1
0
1
0
2
3
0
0
0
2
1
0
0
0
1
0
0
0
4
0
0
1
1
2
1
0
0
1
1
0
0
1
1
0
0
2
0
1
0
2
0
0
0
0
0
1
1
0
1
0
1
0
2
0
1
0
1
0
1
2
1
0
1
0
1
0
0
2
1
0
0
0
0
3
0
1
0
1
0
0
0
2
1
0
0
1
0
1
0
0
0
0
0
0
1
0
0
0
0
0
2
0
0
1
0
1
1
2
0
3
1
1
0
0
0
1
0
0
0
1
0
1
0
1
1
1
0
0
0
0
0
0
0
2
0
0
1
2
0
0
0
0
0
1
1
0
0
0
0
0
0
0
1
2
0
0
0
0
0
0
0
0
1
1
1
0
2
1
2
1
0
4
0
1
2
2
1
1
0
0
3
2
1
1
1
2
0
0
0
3
0
3
0
0
0
0
0
0
1
0
0
0
1
0
0
1
0
2
2
1
1
0
0
0
1
2
1
1
2
0
0
1
1
0
0
3
0
0
0
0
1
0
1
1
0
1
1
0
0
2
0
0
0
1
0
0
0
0
0
0
1
1
0
1
1
0
0
2
0
0
0
0
1
0
0
0
0
0
0
0
0
0
0
1
0
1
0
0
0
1
0
1
0
0
0
0
0
0
0
0
0
1
0
0
0
0
1
0
0
1
0
0
0
1
0
0
0
0
0
0
0
1
2
2
0
0
1
0
0
1
1
1
0
0
0
0
0
0
1
0
0
0
0
0
0
0
0
0
0
0
0
0
0
3
0
0
1
0
1
0
0
0
1
0
0
0
0
1
0
0
1
0
0
0
0
0
2
0
0
0
0
0
0
0
1
0
0
0
0
0
0
0
0
0
0
0
0
0
0
0
1
1
0
0
0
0
0
0
0
0
1
0
2
1
0
0
0
0
1
0
1
0
0
1
0
0
0
2
1
0
0
0
0
0
0
0
0
0
0
0
0
0
0
0
0
1
0
0
1
0
1
0
0
0
1
0
0
1
0
0
0
0
0
1
0
1
0
0
0
0
0
1
1
0
0
0
0
1
0
0
0
0
1
0
0
1
0
1
2
0
1
0
0
0
1
2
1
1
0
0
0
0
0
0
1
2
0
0
0
0
0
0
0
1
0
0
1
1
0
0
1
0
0
0
0
0
1
0
0
0
0
0
0
0
1
0
0
0
0
1
0
1
0
0
0
0
0
1
0
0
0
0
1
1
1
1
0
0
0
1
0
0
0
0
1
2
0
1
0
0
1
0
0
0
0
0
0
1
0
0
1
0
0
0
0
0
0
1
0
0
1
0
0
0
2
0
0
0
0
1
0
1
2
0
0
1
1
1
0
1
0
0
1
0
1
0
0
0
0
0
0
0
0
1
0
0
0
1
0
2
0
0
0
0
1
0
1
1
1
1
0
0
0
1
0
2
1
0
0
0
0
0
0
0
0
0
0
2
0
1
0
0
0
0
2
0
0
0
0
1
1
0
0
0
0
0
0
1
0
0
1
0
2
0
0
1
0
0
1
1
1
2
0
0
0
1
0
0
0
0
1
1
0
0
0
0
0
0
0
0
0
0
0
0
0
0
1
0
1
0
0
0
1
0
0
0
0
1
1
0
1
0
0
0
0
0
0
0
0
0
0
1
1
0
0
1
1
0
0
0
0
0
0
0
0
0
0
1
1
0
0
0
1
0
0
1
0
1
0
1
0
1
1
2
2
0
1
2
1
0
0
3
2
0
0
0
0
0
0
0
0
0
0
0
0
0
0
0
0
1
0
0
0
2
1
1
0
0
1
1
0
0
0
1
0
0
0
0
0
1
0
0
2
1
1
1
0
0
1
0
0
0
0
2
0
0
0
0
0
1
0
0
0
0
0
0
1
0
1
0
1
0
0
0
1
0
0
0
0
0
1
0
1
0
0
1
0
0
0
0
0
0
0
1
0
0
1
0
0
1
0
1
1
0
1
0
0
0
1
0
1
0
0
0
1
0
1
2
0
1
0
0
1
0
0
0
0
0
0
0
0
0
0
0
1
0
0
0
0
0
0
0
0
0
0
1
0
0
0
0
0
0
1
0
1
0
1
0
1
0
0
1
0
0
1
0
1
0
2
0
0
0
0
0
0
0
1
0
0
0
1
0
0
1
1
1
1
0
0
0
1
1
0
0
0
0
0
0
0
0
0
0
0
0
2
0
1
0
0
0
0
0
1
1
0
0
1
2
0
1
0
0
0
0
1
0
0
0
1
0
0
0
0
0
0
0
0
0
0
0
0
1
0
2
1
0
0
0
0
1
0
0
0
0
0
0
0
0
0
0
0
0
0
0
0
0
0
0
0
0
0
0
0
0
0
0
0
0
0
0
1
0
0
0
0
0
0
0
0
0
1
0
0
0
0
0
0
2
0
2
0
0
1
0
0
0
1
0
0
0
0
0
1
1
1
1
0
0
0
0
0
0
2
0
0
1
0
0
0
0
0
0
2
1
0
2
0
1
0
1
0
1
1
1
0
1
0
1
0
0
1
0
0
1
0
0
0
1
0
0
0
0
1
0
0
1
1
0
0
0
0
0
0
1
0
0
0
1
1
0
0
0
0
0
0
0
0
1
0
0
1
0
0
0
0
0
0
0
0
0
0
0
0
0
0
0
0
0
0
0
0
0
0
0
0
0
0
0
0
0
0
0
0
0
2
0
0
1
1
0
0
0
0
0
0
0
1
0
0
0
0
0
0
0
1
0
0
0
1
0
0
1
0
0
1
0
0
1
1
0
0
0
0
0
0
0
1
0
0
0
0
0
0
1
0
0
1
1
0
0
0
0
0
1
0
0
0
0
3
0
2
0
2
1
0
2
0
0
0
2
1
0
1
0
0
1
0
0
0
0
1
2
1
0
0
0
0
0
0
0
0
0
0
1
0
0
0
0
0
0
0
2
0
0
1
0
0
0
0
0
0
0
0
0
0
0
1
0
0
0
1
0
0
0
1
0
0
0
0
0
0
0
0
0
0
0
0
1
0
2
0
0
0
0
1
0
0
0
0
0
0
0
0
1
0
1
0
1
1
0
1
0
0
1
1
0
1
0
0
0
0
0
0
1
0
1
0
0
0
1
0
0
1
0
1
0
1
2
0
0
0
1
0
0
0
1
1
0
0
0
0
1
0
0
0
1
0
0
0
0
0
0
0
0
0
0
0
0
0
1
0
0
0
0
0
1
1
1
0
0
0
1
0
0
0
0
0
0
0
0
1
0
0
0
0
0
0
0
3
0
0
0
0
0
0
0
0
1
0
0
0
0
0
0
0
0
2
0
0
0
0
0
0
0
1
0
0
0
0
0
0
1
1
0
0
0
0
0
1
0
0
0
1
0
0
0
0
0
0
0
0
0
0
0
0
0
0
0
1
1
0
0
0
0
1
1
1
0
0
0
1
0
0
0
0
0
0
0
0
0
0
0
1
0
1
0
0
0
0
0
0
1
1
0
1
0
2
1
0
0
0
0
0
1
0
0
0
0
0
0
0
0
0
0
0
0
0
1
1
1
1
0
0
0
0
0
0
0
0
0
1
0
0
1
0
0
0
0
0
0
0
1
0
1
1
0
0
0
0
0
0
0
1
1
0
0
0
0
0
0
0
0
0
0
0
0
0
0
0
0
0
0
1
0
0
0
0
0
1
0
0
0
0
1
0
0
0
0
1
0
0
0
0
1
0
0
0
0
0
1
2
0
0
0
0
0
0
0
0
0
0
0
0
0
1
0
0
0
0
0
0
0
1
0
0
0
0
0
0
0
0
0
0
1
0
0
0
1
0
0
1
0
0
0
0
0
0
0
0
0
0
0
1
0
0
0
0
0
0
0
0
0
0
0
1
0
1
0
0
1
0
0
0
0
1
1
0
0
1
0
0
0
0
0
0
1
0
0
0
0
0
0
0
0
1
2
0
0
0
0
0
0
0
1
0
0
0
0
0
0
1
0
0
0
0
0
0
0
0
0
0
0
0
0
0
1
0
1
0
0
0
0
1
1
0
0
0
0
0
0
0
0
0
0
0
0
0
0
0
1
0
1
0
0
0
0
0
1
0
1
0
0
1
0
0
0
0
2
0
0
0
0
0
0
0
1
0
0
0
0
0
1
0
0
0
0
0
0
0
0
0
0
0
0
0
0
0
0
0
0
1
0
0
0
0
0
0
0
0
0
0
0
0
0
0
0
0
0
0
0
0
1
1
0
0
0
0
0
0
0
1
0
0
0
0
0
1
0
0
0
1
0
0
0
0
0
0
0
0
0
0
0
0
0
0
0
0
0
0
0
0
0
0
0
0
0
0
0
0
0
0
0
0
0
0
0
0
0
0
0
0
0
0
0
0
0
1
0
0
0
0
1
0
1
0
0
0
0
0
1
0
0
0
0
0
0
0
0
0
0
0
0
0
0
0
0
0
0
0
0
0
0
0
0
0
1
0
0
0
0
0
0
0
0
0
0
0
0
1
0
0
0
0
0
0
0
0
0
0
0
0
0
0
1
0
0
0
0
1
0
0
0
0
0
1
0
0
0
0
0
0
0
0
0
0
1
0
0
0
0
0
0
0
1
1
1
1
0
0
0
0
0
0
0
0
0
0
0
1
0
0
0
1
0
0
0
0
0
0
0
0
0
0
0
0
0
0
0
0
1
0
0
0
0
0
0
0
0
0
0
0
0
0
0
1
0
0
0
0
0
0
0
0
0
0
0
0
0
0
0
0
0
0
1
0
0
0
0
0
0
0
0
0
0
0
0
0
0
0
0
0
1
0
0
0
0
1
0
0
0
0
0
1
0
0
0
0
0
0
0
0
1
1
0
0
0
0
0
0
1
1
0
0
1
0
0
0
0
0
0
0
0
0
0
0
0
0
1
0
0
0
0
0
0
0
0
0
0
0
0
0
0
0
0
0
0
0
0
0
0
1
0
0
0
0
0
0
0
0
0
0
0
0
0
1
0
1
0
0
0
0
0
0
0
0
0
0
0
1
0
0
0
0
0
0
0
0
1
0
1
0
0
0
0
0
0
0
0
1
0
1
0
0
0
1
0
0
0
0
0
0
0
0
0
0
0
0
0
0
0
0
0
0
0
0
0
0
0
0
0
0
0
0
0
0
0
0
0
0
0
0
0
0
0
0
0
0
0
0
0
0
0
0
0
0
0
0
0
1
1
0
0
0
0
0
0
0
0
0
0
0
0
0
0
0
1
1
0
0
0
0
1
1
0
0
0
1
0
0
0
0
0
0
1
0
1
0
0
0
0
0
0
0
0
0
0
0
0
0
0
0
0
0
0
0
0
1
1
0
0
0
0
0
0
0
0
0
0
0
0
0
0
0
0
0
0
0
0
0
0
0
0
0
0
0
0
2
0
0
0
0
0
0
0
0
0
0
0
0
0
0
0
1
0
0
0
0
0
0
1
0
0
0
0
0
0
0
0
0
0
0
0
0
0
0
0
0
0
0
0
0
0
0
1
0
0
0
0
0
0
0
1
0
0
0
0
0
0
0
0
0
0
0
1
0
1
0
0
0
0
0
0
0
0
0
0
0
0
0
0
0
0
1
0
0
0
0
0
0
0
0
0
0
0
0
0
0
0
0
0
0
1
0
0
0
0
0
0
0
0
0
0
0
0
0
0
0
0
0
0
0
0
0
0
0
0
0
0
0
0
0
0
0
0
0
0
0
1
0
0
0
0
0
0
0
0
0
2
0
0
0
0
0
0
0
0
0
0
0
0
0
0
0
0
0
0
0
0
0
0
0
0
0
0
0
0
0
0
0
0
0
0
0
0
0
0
0
0
0
0
0
0
0
0
0
0
0
0
0
0
0
0
0
0
1
0
0
0
0
0
0
0
0
0
0
0
0
0
0
0
0
0
0
0
0
0
0
0
0
0
0
0
0
0
0
0
0
0
1
0
0
0
0
0
0
0
0
0
0
0
0
0
0
0
0
0
1
0
1
0
0
0
0
0
0
0
0
0
0
1
0
0
0
0
0
0
0
0
0
0
0
0
0
0
1
0
0
0
0
0
0
0
0
0
0
0
0
0
0
0
0
0
0
0
0
0
0
0
0
0
0
0
0
0
0
1
0
0
0
0
0
0
0
0
0
1
0
0
0
0
0
<<END>>
<<DP5 CONFIGURATION>>
RESC=?;    Reset Configuration
CLCK=20;    20MHz/80MHz
TPEA=32.000;    Peaking Time
GAIF=0.9727;    Fine Gain
GAIN=29.999;    Total Gain (Analog * Fine)
RESL=13107;    Detector Reset Lockout
TFLA=1.200;    Flat Top
TPFA=1600;    Fast Channel Peaking Time
PURE=ON;    PUR Interval On/Off
RTDE=OFF;    RTD On/Off
MCAS=NORM;    MCA Source
MCAC=8192;    MCA/MCS Channels
SOFF=OFF;    Set Spectrum Offset
AINP=NEG;    Analog Input Pos/Neg
INOF=DEF;    Input Offset
GAIA=12;    Analog Gain Index
CUSP=0;    Non-Trapezoidal Shaping
PDMD=NORM;    Peak Detect Mode (Min/Max)
THSL=4.492;    Slow Threshold
TLLD=OFF;    LLD Threshold
THFA=11.62;    Fast Threshold
DACO=OFF;    DAC Output
DACF=0;    DAC Offset
RTDS=0;    RTD Sensitivity
RTDT=0.00;    RTD Threshold
BLRM=1;    BLR Mode
BLRD=3;    BLR Down Correction
BLRU=0;    BLR Up Correction
GATE=OFF;    Gate Control
AUO1=ICR;    AUX_OUT Selection
PRET=60.0;    Preset Time
PRER=60.000;    Preset Real Time
PREC=OFF;    Preset Counts
PRCL=0;    Preset Counts Low Threshold
PRCH=0;    Preset Counts High Threshold
HVSE=180;    HV Set
TECS=225;    TEC Set
PAPS=ON;    Preamp 8.5/5 (N/A)
SCOE=RI;    Scope Trigger Edge
SCOT=87;    Scope Trigger Position
SCOG=1;    Digital Scope Gain
MCSL=0;    MCS Low Threshold
MCSH=0;    MCS High Threshold
MCST=0.00;    MCS Timebase
AUO2=ICR;    AUX_OUT2 Selection
TPMO=OFF;    Test Pulser On/Off
GPED=FA;    G.P. Counter Edge
GPIN=AUX1;    G.P. Counter Input
GPME=OFF;    G.P. Counter Uses MCA_EN?
GPGA=OFF;    G.P. Counter Uses GATE?
GPMC=OFF;    G.P. Counter Cleared With MCA Counters?
MCAE=OFF;    MCA/MCS Enable
BOOT=ON;    Turn Supplies On/Off At Power Up
<<DP5 CONFIGURATION END>>
<<DPP STATUS>>
Device Type: DP5
Serial Number: 13140
Firmware: 6.07  Build:  3
FPGA: 6.02
Fast Count: 714724
Slow Count: 175067
GP Count: 1
Accumulation Time: 40.390000
Real Time: 60.000000
Dead Time: 75.51%
HV Volt: 181V
TEC Temp: 227K
Board Temp: 40°C
<<DPP STATUS END>>
