<<PMCA SPECTRUM>>
TAG - live_data
DESCRIPTION - 
GAIN - 5
THRESHOLD - 0
LIVE_MODE - 0
PRESET_TIME - 0
LIVE_TIME - 23.167974
REAL_TIME - 53.444000
START_TIME - 03/07/2018 16:11:02
SERIAL_NUMBER - 0
<<CALIBRATION>>
LABEL - keV
809.65 3.66
810.98 3.66
1816.99 8.05
2012.04 8.9
2012.55 8.9
2393.16 10.55
2393.61 10.55
2862.68 12.612
2862.87 12.612
5717.27 25.27
5718.07 25.27
6460.66 28.48
6462.08 28.48
<<ROI>>
592 1088
5559 5887
6373 6553
<<DATA>>
0
0
0
0
0
0
0
0
0
0
0
0
0
0
0
0
0
0
0
0
0
0
0
0
0
0
0
0
0
0
0
0
0
0
0
0
0
0
0
0
0
0
0
0
0
0
0
0
0
0
0
0
0
0
0
0
0
0
0
0
0
0
0
0
0
0
0
0
0
0
0
0
0
0
0
0
0
0
0
0
0
0
0
0
0
0
0
0
0
0
0
0
0
0
0
0
0
0
0
0
0
0
0
0
0
0
0
0
0
0
0
0
0
0
0
0
0
0
0
0
0
0
0
0
0
0
0
0
0
0
0
0
0
0
0
0
0
0
0
0
0
0
0
0
0
0
0
0
0
0
0
0
0
0
0
0
0
0
0
0
0
0
0
0
0
0
0
0
0
0
0
0
0
0
0
0
0
0
0
0
0
0
0
0
0
0
0
0
0
0
0
0
0
0
0
0
0
0
0
0
0
0
0
0
0
0
0
0
0
0
0
0
0
0
0
0
0
0
0
0
0
0
0
0
0
0
0
0
0
0
0
0
0
0
0
0
0
0
0
0
0
0
0
0
0
0
0
0
0
0
0
0
0
0
0
0
0
0
0
0
0
0
0
0
0
0
0
0
0
0
0
0
0
0
0
0
0
0
0
0
0
0
0
0
0
0
0
0
0
0
0
0
0
0
0
0
0
0
0
0
0
0
0
0
0
0
0
0
0
0
0
0
0
0
0
0
0
0
0
0
0
0
0
0
0
0
0
0
0
0
0
0
0
0
0
0
0
0
0
0
0
0
0
0
0
0
0
0
0
0
0
0
0
0
0
0
0
0
0
0
0
0
0
0
0
0
0
0
0
1
1
0
0
2
1
2
3
3
2
2
3
1
3
2
1
1
0
1
3
3
0
1
1
4
3
3
3
3
2
2
2
0
2
3
2
2
2
4
6
2
4
4
1
2
3
4
3
4
5
7
1
4
4
1
3
2
3
3
6
2
2
7
4
1
3
5
2
2
2
4
3
6
5
2
1
2
7
4
3
3
4
3
2
1
1
3
2
2
3
3
4
4
6
1
4
4
4
4
2
8
1
1
1
4
4
2
1
3
0
4
3
3
5
1
1
2
2
3
6
5
3
1
6
5
4
7
4
4
4
6
4
5
6
3
2
1
2
5
2
2
0
3
3
6
5
3
1
1
5
2
0
4
2
1
8
3
5
6
2
4
2
4
6
5
3
6
3
8
3
4
2
4
5
4
5
3
4
3
7
5
3
3
0
7
3
1
2
3
1
3
2
5
5
5
6
3
2
3
5
4
6
4
9
6
5
2
5
4
5
3
6
6
6
6
5
9
3
1
10
11
7
12
7
7
6
8
6
10
10
12
11
14
15
9
17
14
13
9
13
8
15
14
19
18
17
12
16
10
18
33
25
19
30
24
34
25
36
25
41
30
33
31
30
44
25
29
35
23
33
27
27
21
32
20
24
28
29
36
30
37
31
33
33
30
35
51
45
38
54
73
61
67
82
67
100
102
106
101
110
115
108
137
122
117
126
154
143
136
154
144
132
163
155
141
131
142
126
107
97
114
110
87
107
90
83
68
73
60
68
58
57
60
33
52
45
34
32
34
33
35
37
16
31
24
30
31
26
30
20
23
31
26
28
29
22
31
19
28
22
25
18
18
17
19
14
14
20
19
9
16
15
21
21
9
12
10
16
15
10
18
8
13
7
15
13
8
12
10
6
7
5
3
14
5
9
4
7
9
11
6
7
10
6
7
8
9
5
4
11
5
8
8
7
6
8
6
4
8
5
9
3
7
11
8
10
4
6
5
8
11
6
8
7
5
3
4
4
9
8
5
6
9
9
6
11
4
8
6
5
11
5
5
9
7
6
4
6
7
9
5
8
4
9
6
8
9
7
9
12
4
7
18
7
9
8
5
5
10
6
7
7
2
8
7
10
14
9
9
10
11
10
8
13
8
16
5
8
9
5
5
8
8
10
6
14
10
7
12
17
5
10
4
9
15
17
8
15
11
8
13
9
21
12
13
10
11
16
16
15
13
10
14
10
15
9
14
19
11
20
13
11
13
14
9
10
8
20
13
14
19
9
16
9
10
13
6
14
10
18
13
16
13
15
14
13
10
11
16
14
12
15
9
10
15
15
21
11
14
18
16
16
16
24
10
15
14
10
14
22
17
15
13
16
30
17
17
18
21
26
15
28
27
31
24
37
25
39
39
41
43
58
72
77
84
96
111
121
129
176
208
210
272
292
325
430
418
530
528
655
737
811
1007
1050
1211
1306
1540
1609
1750
2037
2032
2457
2483
2935
2777
3035
3241
3482
3627
3676
4016
3863
4168
4012
4196
4325
4314
4482
4338
4429
4237
4353
3940
4238
4048
3589
3706
3403
3318
3131
3026
2791
2590
2347
2169
2047
1839
1749
1489
1413
1320
1183
998
843
793
712
597
557
493
380
345
304
240
217
209
157
160
129
105
93
81
81
74
56
49
64
49
52
43
45
42
46
52
47
45
61
60
72
65
80
73
110
106
100
121
128
160
159
195
205
197
213
255
308
338
346
374
386
401
462
427
498
476
508
506
578
592
637
652
681
688
645
661
623
633
627
627
593
582
624
537
568
520
512
488
434
398
403
392
289
335
295
276
277
224
174
162
188
154
122
126
96
99
83
76
56
63
45
50
34
24
24
17
15
19
17
10
14
13
8
9
6
7
7
5
5
6
5
6
3
7
5
2
4
2
3
4
4
3
1
3
1
3
2
5
0
3
3
3
4
2
2
3
3
4
1
1
3
4
2
1
1
0
4
1
3
3
3
5
2
2
0
3
1
2
3
2
2
1
3
2
2
4
1
2
1
2
2
4
1
2
4
0
1
5
4
6
0
4
1
4
2
2
2
6
1
3
2
3
3
4
1
2
1
4
1
0
0
3
3
2
4
3
2
3
2
4
1
3
3
2
2
1
3
1
2
0
0
2
2
1
0
0
2
0
3
4
1
0
2
4
2
2
0
1
2
1
2
1
2
2
0
0
0
1
2
1
1
1
0
1
4
2
1
3
1
3
2
1
2
1
2
3
1
5
2
0
3
1
1
1
0
3
0
2
1
0
1
2
1
1
2
2
2
3
0
2
1
1
3
1
1
1
0
0
0
1
3
2
1
1
0
1
0
4
0
0
0
1
0
2
0
0
2
4
1
0
1
0
0
1
3
0
2
1
1
2
2
2
0
0
1
3
1
1
2
2
0
1
1
1
1
1
2
0
3
1
1
1
0
1
2
1
1
2
2
2
1
3
2
0
2
1
2
2
3
5
4
2
6
3
1
5
7
7
9
4
4
3
2
7
0
10
6
6
5
12
8
7
7
6
3
6
6
8
5
3
3
5
4
8
4
8
3
7
1
3
2
3
2
5
2
3
5
1
4
0
4
0
3
2
2
2
2
1
3
1
3
1
2
1
2
0
1
0
2
1
3
0
3
1
2
1
2
1
0
1
1
1
1
2
2
0
1
3
1
1
0
1
2
0
3
2
0
0
0
2
1
0
0
3
2
1
3
3
2
0
1
3
3
2
3
3
1
2
1
2
1
4
1
0
0
1
2
1
4
0
2
0
0
2
2
0
3
1
3
2
2
1
0
2
5
1
1
2
1
4
3
0
1
0
1
0
1
1
4
0
2
4
2
3
3
2
3
1
2
2
2
2
2
3
1
1
2
2
0
5
3
2
2
1
1
4
0
2
3
0
2
1
1
2
3
2
2
2
1
3
3
1
2
1
1
2
2
0
3
1
1
0
3
1
6
2
3
0
1
2
4
3
5
2
4
3
1
3
7
1
4
1
4
3
3
3
4
1
4
4
5
4
2
8
5
2
2
2
10
2
9
0
5
4
5
3
5
9
10
8
11
5
13
5
4
5
1
7
9
2
9
7
8
8
5
12
5
3
3
7
8
4
5
4
7
5
2
5
2
4
3
2
5
6
4
4
3
2
3
3
7
2
3
1
4
1
2
2
6
3
5
3
7
1
3
6
3
5
4
4
6
10
2
2
1
4
8
5
5
4
7
5
7
3
3
9
2
7
5
5
6
3
6
5
7
8
4
6
6
5
6
7
4
4
5
3
6
7
7
5
5
8
8
8
5
5
5
6
7
6
7
3
5
6
5
8
8
5
5
8
8
6
8
8
7
8
6
7
9
12
7
7
2
4
4
7
7
6
10
7
4
7
4
5
5
7
7
6
2
5
3
4
3
6
6
1
2
4
0
8
3
3
4
1
4
3
1
3
1
0
4
4
5
3
3
1
4
4
0
1
0
2
2
1
4
2
3
1
4
0
1
3
3
0
1
5
4
2
4
4
4
2
2
3
1
4
1
3
1
3
4
4
0
1
4
3
2
3
3
1
2
2
1
5
1
3
3
2
4
1
0
4
7
0
4
2
2
3
2
5
0
4
2
4
3
1
3
3
1
3
5
2
1
7
3
4
3
4
2
5
1
3
2
5
3
2
6
6
3
5
1
3
4
2
3
1
6
1
3
1
4
6
4
3
6
3
4
1
4
5
0
4
1
1
5
3
1
5
2
4
2
4
3
4
5
4
4
1
4
6
5
5
4
7
3
6
8
7
13
12
6
11
10
12
9
15
21
21
19
21
21
19
20
14
20
21
26
36
19
31
17
40
39
34
43
48
32
35
37
43
28
43
34
44
30
50
39
37
38
33
40
44
33
34
45
30
32
19
35
25
33
27
29
29
18
23
14
14
19
17
15
12
13
11
10
11
8
7
6
7
17
6
8
11
9
5
2
4
7
2
3
3
4
4
6
3
5
10
3
6
5
3
3
2
4
5
6
5
1
5
5
3
9
6
10
6
8
4
5
6
7
14
7
5
6
16
10
12
8
8
9
13
13
7
6
10
9
18
12
13
10
17
10
19
10
8
6
13
10
12
11
12
6
12
16
9
2
2
8
14
10
3
7
11
12
5
3
9
5
4
4
4
3
4
2
3
4
3
2
4
2
1
3
2
0
2
4
2
4
4
0
1
2
0
4
3
5
0
2
2
0
4
1
2
1
1
6
1
1
2
4
0
2
2
2
4
1
6
2
3
7
4
3
1
3
2
0
6
6
3
2
3
5
2
1
4
6
6
7
1
6
5
3
2
7
9
0
4
3
4
4
5
4
7
6
5
3
5
3
2
3
4
3
2
5
3
3
1
2
4
4
3
1
5
2
2
7
4
4
0
2
3
5
3
1
4
2
1
2
2
4
3
5
2
3
2
2
3
2
6
6
6
1
6
6
2
5
2
1
3
1
4
4
6
6
3
2
6
3
3
0
3
7
2
1
2
3
4
3
2
0
0
3
4
3
1
2
6
2
5
0
4
2
3
1
4
1
3
0
1
3
7
1
2
5
4
4
0
1
2
3
3
4
2
2
0
2
3
6
2
2
0
3
3
1
1
4
0
4
4
6
2
5
3
2
3
4
4
3
4
5
2
2
3
1
4
2
2
3
3
3
6
3
7
3
7
2
4
3
1
1
8
3
4
5
2
1
2
3
2
2
3
2
6
2
1
3
3
2
2
4
1
2
2
2
9
3
2
2
1
3
2
1
7
2
0
2
1
3
4
1
3
1
4
2
2
4
4
1
0
4
1
1
5
1
2
2
2
5
4
3
4
4
1
1
2
1
3
2
6
1
0
2
2
4
1
1
3
2
4
1
2
0
0
4
2
0
1
0
0
3
2
3
2
2
1
4
3
1
1
3
0
3
2
0
3
2
4
2
1
0
1
2
3
1
4
2
3
0
1
2
3
1
0
2
3
6
4
3
3
2
2
2
2
0
3
2
1
0
5
4
3
0
2
2
1
7
1
0
2
3
1
3
0
2
2
3
1
1
5
1
2
3
0
0
0
2
1
1
3
0
1
2
3
3
4
3
3
3
3
1
5
0
6
0
5
3
3
5
4
3
4
3
4
2
3
4
2
2
7
3
5
2
3
1
2
1
3
4
3
3
3
3
4
5
4
1
2
1
1
3
1
3
2
3
1
1
0
1
1
5
2
5
0
3
3
1
1
0
3
6
2
2
1
3
0
0
2
5
0
0
4
3
2
3
3
2
2
3
4
3
2
4
3
1
3
2
8
4
6
1
3
4
4
3
0
3
2
3
1
1
2
3
0
4
1
2
1
0
4
1
4
1
3
4
1
3
5
3
0
3
1
1
4
0
2
1
5
1
5
2
5
2
3
4
2
1
2
2
1
1
2
3
4
5
4
4
1
2
1
0
4
2
1
3
2
3
3
3
2
0
6
2
0
3
5
1
1
3
0
2
1
2
3
2
1
4
1
2
0
1
2
4
0
0
4
5
6
2
3
3
7
3
6
1
5
1
1
2
2
4
3
1
5
4
2
0
2
4
2
2
1
1
3
5
5
5
4
2
3
2
1
1
1
8
3
1
1
1
2
3
3
4
6
7
1
3
2
4
3
6
2
2
2
6
5
3
4
3
2
5
4
7
2
1
4
3
3
1
2
0
5
2
4
4
4
5
3
3
2
2
3
5
7
2
3
3
6
3
3
3
1
5
4
2
2
1
7
3
3
5
2
1
0
5
3
2
3
3
3
1
4
4
4
2
2
3
3
0
6
3
1
2
4
5
1
2
1
6
5
2
1
4
3
2
4
1
3
2
2
1
2
2
2
6
3
0
2
1
3
3
3
1
1
5
1
2
2
4
5
5
3
3
3
2
2
4
2
2
3
3
1
3
3
4
1
1
2
1
2
2
3
0
3
1
4
4
0
4
0
2
3
3
2
5
0
3
3
1
1
1
2
0
1
1
3
2
0
0
3
3
2
4
3
2
3
1
1
0
0
0
0
3
2
2
1
3
1
3
0
3
3
3
3
3
0
2
0
3
0
1
1
1
8
2
4
5
3
1
4
3
0
3
5
0
1
1
2
0
5
2
0
3
5
2
2
2
1
0
2
2
0
4
3
4
2
1
1
4
4
4
5
3
3
0
3
4
2
3
2
7
4
0
4
5
2
2
2
1
3
5
3
2
1
3
4
5
0
0
1
2
2
2
3
4
5
3
4
4
3
3
3
2
2
2
1
3
3
0
2
3
2
3
1
4
2
2
2
0
3
2
2
2
1
6
1
1
4
3
4
0
4
6
3
2
7
0
3
1
1
4
2
3
2
4
3
4
1
0
1
3
0
1
2
2
4
2
0
1
1
1
0
1
1
7
0
2
3
2
1
0
1
1
4
1
5
4
2
6
2
4
2
1
3
5
0
1
1
3
5
4
6
1
3
1
3
3
3
3
1
3
5
1
1
3
2
2
3
0
2
3
7
4
2
5
1
3
3
3
2
2
3
3
4
1
1
4
5
3
2
2
2
0
3
4
2
0
5
3
1
2
1
3
2
2
3
4
1
2
4
2
4
4
2
2
2
3
5
4
5
6
1
2
2
2
2
0
2
2
3
2
1
6
3
2
5
0
5
2
1
7
4
4
3
2
1
5
2
4
2
4
1
3
3
1
3
7
1
0
0
6
2
2
2
4
3
8
1
1
6
3
2
3
3
4
4
4
2
3
2
3
1
4
2
1
3
1
3
3
2
2
0
1
3
2
1
7
2
4
3
3
4
2
4
2
2
3
3
1
4
1
4
2
2
0
6
1
1
4
3
1
1
1
2
2
1
2
2
5
2
5
2
4
1
3
2
4
3
3
3
4
2
2
3
5
7
4
1
3
3
2
1
2
5
3
2
2
2
1
2
2
5
5
2
4
2
1
5
1
6
2
1
4
3
4
2
1
3
1
6
5
2
1
1
3
1
2
0
3
2
1
6
0
4
1
2
6
1
5
3
3
5
1
2
3
3
0
0
0
10
3
4
3
1
1
3
4
3
2
1
0
2
3
1
1
1
2
2
2
6
2
3
4
5
4
2
3
1
3
5
1
1
6
3
1
5
1
4
3
4
4
1
1
3
1
4
1
1
1
6
1
1
4
2
5
0
2
4
0
1
1
5
3
3
2
2
1
1
1
3
1
1
7
2
2
3
2
1
4
5
4
1
3
5
2
1
1
4
2
5
0
4
2
4
1
1
0
1
2
3
4
1
2
2
4
3
3
2
1
2
3
3
5
3
5
5
3
3
3
1
0
2
1
3
1
1
3
1
4
4
4
3
3
2
5
2
2
5
3
4
3
1
2
1
3
3
1
4
4
1
3
4
1
2
0
3
4
1
2
2
2
4
2
1
2
6
2
3
2
2
1
1
3
2
0
2
2
2
2
2
2
2
1
2
0
4
4
1
1
3
3
3
3
3
3
1
0
6
1
2
2
4
2
2
2
2
4
2
1
1
2
2
3
2
3
1
2
1
3
3
2
2
2
2
2
4
1
1
1
1
2
3
1
2
3
4
3
1
1
3
3
1
0
0
0
3
2
2
3
8
2
3
2
4
2
3
6
2
3
3
1
1
4
1
2
2
2
4
1
3
2
0
4
3
2
4
2
2
2
1
6
4
0
2
0
1
4
2
4
3
3
1
4
1
2
0
3
1
4
4
4
5
0
1
1
4
2
2
2
3
3
3
2
4
1
3
0
2
3
5
2
2
4
3
2
2
1
1
1
2
3
4
4
0
3
2
3
1
5
1
2
2
4
1
3
3
1
4
2
4
1
1
2
2
1
3
2
2
1
5
1
3
4
3
2
1
3
1
5
1
2
2
2
4
4
1
1
0
2
1
2
3
3
1
1
2
2
2
3
3
4
2
4
3
3
4
4
4
0
3
3
2
2
3
0
2
4
2
1
1
1
4
5
1
1
2
2
3
2
4
1
1
2
1
2
4
0
3
3
1
2
6
1
3
1
1
3
4
1
1
1
2
3
2
4
3
4
2
2
3
3
1
2
1
4
2
1
0
2
2
3
3
2
2
1
1
2
4
5
1
3
3
2
5
0
3
2
2
7
4
2
4
2
1
3
3
4
0
6
5
3
2
8
1
3
2
0
0
3
3
4
2
2
5
3
0
4
2
3
3
3
2
3
3
2
4
1
4
1
2
4
1
2
0
5
7
1
5
2
2
4
1
0
1
0
2
2
4
2
2
0
3
2
3
2
4
2
5
5
4
5
0
4
3
2
0
3
4
2
2
1
1
1
1
0
2
4
2
6
3
4
3
4
2
0
2
2
1
2
4
4
3
3
3
1
0
1
0
1
2
5
2
1
2
4
6
4
5
2
2
2
2
0
3
5
3
0
2
1
2
2
1
1
4
3
4
1
2
1
2
2
2
2
3
2
0
1
0
1
3
0
2
1
1
1
1
2
2
1
1
1
1
5
2
0
1
3
5
2
1
2
5
2
2
4
2
3
1
0
6
0
3
4
2
1
2
0
2
4
1
0
2
0
2
1
2
2
2
2
1
2
1
4
3
1
6
3
1
2
2
2
1
0
1
7
4
0
2
4
6
0
2
3
2
2
1
2
2
4
4
4
1
1
1
5
3
4
2
4
0
3
2
1
1
3
1
3
1
1
0
3
2
0
2
3
4
3
3
3
1
3
2
2
5
1
2
4
0
4
2
1
1
3
4
2
2
2
3
2
1
1
2
0
1
3
1
2
0
4
3
3
6
2
2
3
5
5
4
2
0
1
2
3
3
3
1
3
3
5
1
0
1
2
2
2
2
0
2
1
3
0
5
3
1
2
0
2
5
1
2
2
2
4
1
2
3
3
2
1
1
2
1
4
0
3
1
1
2
3
4
0
0
1
1
0
4
2
2
5
0
3
3
1
1
2
1
1
2
1
2
2
0
0
2
2
3
1
2
2
6
1
1
1
3
5
2
4
0
1
0
3
1
2
2
3
1
0
2
2
2
4
0
2
1
2
3
1
0
1
1
7
0
4
2
1
3
1
1
1
3
4
4
2
2
5
2
2
2
1
0
4
2
3
1
1
3
1
6
5
2
2
1
0
1
1
1
0
1
3
2
0
5
2
4
3
4
3
7
2
5
0
1
1
3
3
4
1
0
2
3
2
2
0
4
4
1
2
3
0
3
2
1
2
2
4
5
1
5
1
1
3
3
3
1
2
2
0
1
1
1
1
1
3
1
3
5
2
2
2
2
1
0
1
2
1
2
3
0
1
2
1
3
2
1
1
1
1
1
2
2
2
6
4
1
3
1
1
1
1
1
0
1
6
1
1
4
1
3
1
0
1
3
2
2
0
1
5
3
0
0
5
2
0
2
4
0
2
1
2
1
0
4
4
1
4
3
2
2
0
4
2
2
2
3
2
3
6
5
5
3
3
1
3
5
1
2
3
2
0
1
4
3
0
2
2
0
0
2
2
1
0
4
1
3
1
3
2
4
6
4
3
1
1
4
4
1
5
0
3
6
4
4
0
2
5
2
5
4
3
3
6
1
5
2
2
4
4
3
0
0
1
4
2
2
2
1
1
4
2
2
3
3
3
5
4
5
1
6
1
1
3
4
6
2
3
4
4
3
4
3
3
7
4
4
5
3
7
5
3
2
2
5
2
4
3
4
4
5
5
5
2
4
2
6
3
4
2
2
6
3
5
3
1
7
3
5
3
0
3
6
4
7
6
8
4
5
2
5
10
6
5
5
5
6
5
3
1
4
5
6
5
4
3
6
2
6
7
2
3
12
5
1
7
3
5
2
3
5
4
7
6
6
5
0
4
8
4
3
6
7
3
5
5
4
5
2
7
4
4
2
9
3
1
6
4
2
6
6
6
2
5
1
2
1
4
4
5
4
3
3
3
5
7
3
6
3
3
4
5
7
3
3
3
4
5
6
2
4
4
2
2
4
2
4
2
2
3
6
2
3
1
3
0
4
9
8
6
5
4
3
1
4
1
2
5
7
5
2
6
7
3
5
2
1
5
5
3
3
3
4
4
1
1
4
2
4
6
2
2
5
1
2
2
4
2
1
4
0
2
3
5
4
0
3
1
3
3
1
1
2
2
3
3
3
3
3
1
5
6
4
2
7
2
6
2
0
5
3
2
5
2
1
1
0
4
2
1
3
3
3
5
5
1
1
3
4
6
2
3
2
1
2
2
1
1
1
1
4
3
1
1
2
4
1
4
1
2
1
4
4
1
3
0
5
1
2
3
1
3
3
4
1
3
1
2
1
1
3
2
3
2
1
2
5
2
2
5
2
1
3
2
2
2
3
0
3
2
4
0
3
0
2
0
0
4
4
1
2
2
3
1
2
2
3
2
5
0
2
1
2
3
2
4
4
3
2
1
1
3
4
1
0
3
4
4
2
3
0
1
9
6
4
3
1
10
2
6
1
1
2
6
3
7
5
5
3
5
8
6
8
11
8
2
10
6
4
5
6
8
8
8
12
9
7
4
6
8
7
3
6
7
6
1
5
10
7
12
6
5
10
5
5
9
10
7
4
2
9
9
3
5
8
3
4
7
8
10
10
8
3
11
7
10
4
5
4
2
4
8
7
5
4
5
6
7
2
7
4
6
2
5
4
0
4
3
5
2
2
1
4
8
4
1
2
1
2
3
2
1
3
1
4
1
1
4
2
1
1
2
1
1
2
1
0
1
2
0
4
2
0
1
1
0
1
0
3
1
5
0
1
1
2
0
1
0
1
3
0
3
1
1
1
1
4
2
6
0
2
2
1
1
2
2
4
1
1
0
0
2
0
1
2
1
3
2
1
0
3
1
4
1
3
3
3
2
1
2
3
1
2
2
1
2
2
2
2
4
2
4
0
0
2
3
2
0
2
2
2
1
2
5
1
2
1
1
3
1
1
5
0
6
3
4
0
2
1
2
1
4
1
4
1
2
0
1
1
4
3
2
3
0
4
2
0
0
4
2
4
1
2
1
0
1
1
2
1
2
1
2
0
0
1
0
1
2
0
1
1
2
4
2
1
3
3
1
1
1
3
2
1
4
2
2
1
3
0
2
4
3
2
2
0
3
1
0
5
1
4
0
2
0
3
0
1
1
2
2
3
4
2
5
5
2
2
1
3
1
1
2
0
2
0
1
2
2
1
1
2
2
0
3
0
3
1
1
2
1
3
1
2
1
3
1
3
2
2
3
1
1
3
2
0
0
1
3
2
1
2
0
4
2
1
1
1
1
1
2
3
0
0
2
3
3
1
4
2
0
1
2
6
2
1
3
2
1
3
2
1
0
6
1
1
0
3
5
2
3
1
1
0
2
4
1
2
1
1
5
1
3
2
0
2
3
1
1
2
2
3
3
0
0
0
2
1
1
2
2
3
2
4
0
3
1
1
0
1
1
2
0
2
1
0
3
0
3
1
1
1
2
2
1
2
3
0
5
5
0
3
1
3
1
1
2
0
0
4
3
3
1
2
1
1
0
1
0
1
1
2
3
1
3
0
0
0
4
1
2
1
1
2
3
0
2
0
0
2
4
1
0
3
2
3
1
0
6
1
0
1
0
1
2
1
3
4
1
1
2
2
3
4
0
0
3
3
0
2
5
1
2
0
3
1
0
0
1
1
0
2
2
2
0
2
1
2
3
1
2
2
0
1
2
2
0
0
5
4
3
1
3
1
2
2
1
0
0
2
0
2
2
2
1
2
1
0
2
0
2
1
0
0
1
1
0
2
2
2
0
0
2
1
1
2
1
0
2
1
0
0
0
1
1
1
2
4
0
0
3
1
1
2
2
0
1
1
2
2
3
3
3
1
1
1
0
1
1
2
1
3
1
1
2
2
3
2
1
2
0
1
2
0
1
1
2
1
1
0
0
0
2
0
0
2
2
1
1
4
2
1
2
4
3
1
1
3
4
4
2
3
3
3
2
9
1
1
2
2
1
3
2
6
1
0
2
2
3
4
1
5
5
6
4
3
5
5
3
3
1
2
3
1
1
0
1
2
2
3
2
1
1
3
2
0
1
0
3
1
1
2
6
0
0
6
1
2
1
1
0
1
3
2
2
5
2
3
1
1
0
0
1
1
0
1
2
2
4
0
0
3
4
2
0
1
3
3
2
1
0
4
1
1
0
4
2
4
0
0
0
2
1
0
2
2
4
0
1
4
1
0
1
0
2
0
1
1
2
4
0
1
2
0
1
1
2
0
4
0
0
2
0
3
1
0
2
2
1
2
1
0
3
3
1
1
1
1
6
1
1
0
2
3
3
0
0
0
2
1
1
0
1
3
1
2
3
1
1
2
0
5
2
4
1
1
2
0
4
1
0
1
4
1
1
2
1
2
0
1
1
0
2
1
1
0
1
0
4
2
3
0
0
0
2
2
3
3
1
1
1
1
4
4
2
0
1
3
0
2
1
0
0
1
0
3
1
1
2
1
1
1
1
2
1
0
1
4
0
0
0
3
4
1
1
2
1
2
2
1
0
4
1
0
1
0
1
2
0
1
0
1
0
2
2
0
1
0
2
0
1
1
1
1
1
1
3
1
2
0
1
2
2
2
1
1
1
2
2
0
2
2
4
0
2
1
1
1
0
2
2
1
0
3
1
2
0
0
0
0
4
1
2
0
0
0
0
1
0
0
2
2
3
2
1
0
0
2
0
2
1
0
0
2
1
0
1
1
1
1
1
3
1
0
1
0
3
0
2
0
1
1
0
1
1
1
1
0
1
1
0
2
3
1
1
1
2
2
1
1
2
1
1
0
0
2
1
2
1
1
1
1
2
1
1
1
0
0
2
0
1
0
0
1
1
2
1
1
2
1
3
4
1
2
2
3
1
0
1
1
0
1
2
2
3
1
4
2
4
0
1
0
1
1
4
0
2
0
1
2
0
2
1
2
1
0
2
2
2
3
0
1
3
0
3
1
1
3
2
0
1
0
1
1
0
1
3
0
1
1
2
1
0
3
1
1
2
1
1
1
1
1
2
1
3
2
2
2
1
0
0
1
5
2
2
1
0
1
0
1
4
0
2
0
0
1
2
2
1
0
1
0
1
3
1
0
2
0
1
0
0
1
1
0
1
2
1
0
1
1
0
0
0
1
2
2
1
2
2
0
1
1
0
2
2
1
1
2
2
0
1
1
0
1
1
1
1
1
1
2
2
1
0
1
1
2
0
2
0
3
1
1
0
0
1
0
2
0
0
1
0
0
2
0
1
0
1
2
1
3
1
1
0
1
1
3
1
1
1
1
2
2
1
4
1
2
0
0
0
0
2
0
0
1
0
0
0
1
3
0
1
0
0
0
0
0
3
1
2
0
1
2
2
1
0
1
3
0
0
0
1
1
2
3
2
1
2
1
0
1
1
3
2
0
1
1
1
2
1
0
1
0
1
4
1
2
3
0
3
0
0
0
0
0
2
4
1
1
2
0
0
1
0
1
2
2
1
1
2
0
3
1
2
0
1
1
1
2
2
1
1
0
0
1
1
0
1
1
3
2
1
1
1
1
3
1
0
3
1
1
2
4
0
2
2
3
1
0
0
2
1
1
1
0
0
1
0
1
0
1
1
0
1
1
2
0
3
2
2
3
1
2
0
0
3
2
0
0
2
0
1
1
1
2
2
2
1
1
2
5
1
0
2
1
0
0
1
0
1
1
1
0
2
2
0
2
1
0
2
0
0
1
1
0
1
0
0
0
2
0
1
2
0
2
4
3
1
0
2
0
2
3
4
0
1
1
4
1
0
1
0
0
1
2
0
1
2
2
0
1
1
4
1
3
1
0
1
0
1
2
1
1
0
3
1
0
1
0
1
1
1
0
1
2
2
4
1
2
0
1
2
1
2
0
0
3
2
0
3
3
1
3
1
1
0
0
5
1
1
0
0
2
0
1
0
2
0
0
0
0
1
3
1
2
0
2
1
1
2
0
1
2
1
0
3
2
1
1
2
0
0
1
2
2
1
0
0
4
4
1
1
1
2
3
1
2
0
0
0
0
0
0
0
2
1
0
1
0
1
0
0
0
2
0
3
2
1
1
0
0
0
4
1
0
1
0
1
0
2
1
3
1
0
1
1
0
0
1
0
0
3
3
2
0
2
1
2
0
0
0
0
0
4
3
3
0
0
1
0
2
1
2
1
1
1
0
1
1
0
1
1
1
0
1
2
2
0
1
0
1
1
0
0
4
0
1
1
2
1
0
0
1
0
1
0
1
0
1
0
0
0
0
2
0
1
0
1
1
3
0
0
2
0
1
1
0
2
1
4
0
1
0
1
1
2
2
0
1
0
1
1
1
1
1
2
2
0
4
0
0
2
0
2
2
1
3
1
0
0
0
1
1
2
2
0
0
3
3
1
1
2
2
2
0
0
0
3
3
2
1
0
2
0
0
1
1
1
2
0
0
1
1
0
0
1
2
1
0
0
0
3
1
0
2
0
0
3
0
1
1
1
1
2
1
1
0
2
1
1
0
1
1
1
1
2
0
0
2
1
1
1
1
1
1
0
1
1
0
4
1
1
0
3
2
1
0
0
1
2
0
0
1
1
0
0
2
1
0
1
2
2
1
1
2
1
2
1
1
0
1
2
3
0
1
1
0
1
0
0
0
0
0
0
0
2
0
0
0
0
0
0
0
2
2
1
1
0
0
0
0
0
0
2
0
0
0
0
0
3
0
0
1
1
0
1
0
1
2
1
0
2
2
0
0
0
0
1
1
0
0
0
0
0
2
0
1
0
1
0
0
0
0
0
1
0
0
4
2
1
1
0
1
2
0
2
1
0
0
2
0
0
0
0
0
4
0
2
0
0
0
1
1
1
0
0
0
0
1
0
1
2
1
0
2
0
1
0
1
2
1
0
1
0
0
0
0
0
0
1
1
2
1
1
0
1
0
1
1
2
1
1
0
1
1
1
0
0
0
0
1
0
2
1
2
1
0
0
0
0
1
1
0
1
1
2
0
0
1
0
0
2
1
1
1
2
0
0
3
0
2
2
0
4
2
1
3
0
1
1
0
1
1
3
0
0
1
0
2
1
1
0
0
1
0
2
0
0
0
1
1
0
1
0
1
2
0
0
1
0
0
0
0
1
0
1
0
0
1
0
0
1
1
0
0
0
0
0
0
2
0
0
0
2
2
0
2
3
1
1
0
2
0
0
1
0
2
0
1
1
1
1
0
1
1
1
1
0
1
0
1
0
0
1
2
1
2
0
2
0
1
0
0
2
0
1
0
1
0
0
0
1
0
2
1
0
2
1
1
0
0
1
0
0
1
3
0
1
1
0
1
0
3
2
2
0
1
0
0
1
2
0
0
1
0
1
0
0
1
0
2
0
2
2
2
0
0
1
0
1
1
2
2
1
0
2
2
1
2
1
2
2
1
2
2
0
0
0
1
1
2
0
3
0
0
3
0
0
0
0
1
1
1
0
0
2
1
0
2
0
0
1
0
0
0
1
0
1
2
0
3
1
0
1
1
0
1
2
0
0
1
0
2
1
2
1
1
0
2
0
0
2
0
2
0
2
0
2
0
1
0
0
0
0
1
0
0
1
1
0
0
0
0
0
0
0
1
1
1
3
0
3
2
1
0
0
0
3
0
0
0
2
0
0
1
1
0
2
0
0
1
0
0
0
0
1
1
0
0
1
2
1
1
0
2
0
0
0
0
1
1
1
1
1
0
2
0
1
2
0
1
0
0
0
1
0
0
0
0
1
0
2
2
1
0
1
0
2
1
0
0
2
0
0
1
0
0
1
2
0
0
0
0
1
2
1
1
1
0
2
1
0
3
1
0
0
1
0
0
1
0
2
0
0
3
0
1
0
2
1
2
0
1
2
1
1
1
2
1
0
1
0
0
5
0
0
0
1
0
0
0
0
1
1
1
1
0
0
0
1
1
0
0
0
1
1
0
1
2
2
2
0
2
0
1
0
0
1
0
0
0
0
0
0
1
1
1
0
1
0
1
1
0
0
0
2
2
1
0
1
0
2
1
1
0
0
1
0
0
0
0
0
1
1
0
1
0
1
1
0
4
0
1
1
1
0
0
0
0
1
0
1
0
0
1
0
0
1
0
0
0
1
2
1
1
0
1
0
0
0
1
1
1
1
0
1
1
1
1
1
0
1
1
1
1
1
0
0
0
0
1
0
0
0
0
0
0
2
2
3
0
0
0
1
0
1
1
1
0
1
0
0
2
1
0
0
0
0
1
1
0
0
2
1
1
0
0
0
1
1
1
0
2
0
0
0
0
0
0
0
0
1
1
1
1
0
0
1
0
5
1
0
0
0
1
1
0
0
0
1
2
1
0
1
1
2
0
0
1
1
1
1
3
0
0
0
0
0
1
1
1
0
0
0
2
0
0
0
0
0
1
1
1
0
2
0
1
1
1
0
1
0
0
1
1
0
1
0
1
0
1
1
1
0
0
0
0
0
0
0
0
1
0
1
0
0
1
1
1
1
0
0
0
1
1
0
1
1
0
1
1
0
1
0
0
0
1
0
2
0
1
0
0
0
0
0
0
0
2
0
0
1
0
0
2
0
0
0
1
0
0
1
0
0
1
1
0
0
1
0
1
0
0
0
1
1
1
0
0
0
1
0
0
0
0
0
1
2
0
1
0
0
1
0
0
1
0
1
2
1
1
0
1
0
0
0
0
1
0
1
0
0
0
2
0
0
0
0
0
0
0
1
0
0
0
0
1
1
0
0
0
0
0
0
0
3
0
0
0
0
0
0
1
0
0
0
0
0
0
0
0
0
0
1
2
1
0
0
1
0
0
0
0
0
0
0
1
0
0
0
0
0
0
0
0
1
1
0
0
0
1
0
0
0
0
1
0
0
0
0
0
0
0
0
0
2
0
0
0
0
0
1
1
0
0
2
0
0
0
0
2
1
0
0
0
0
0
0
1
0
0
1
0
0
1
1
1
0
0
1
1
0
0
1
0
0
0
0
0
1
1
0
1
0
0
0
0
0
0
0
0
0
0
0
2
0
0
1
0
0
0
0
0
0
1
0
0
0
1
0
0
0
0
2
0
0
0
0
0
0
1
0
0
0
1
0
0
0
1
0
0
0
1
1
0
0
0
0
0
1
0
1
0
1
0
0
0
0
0
0
0
0
1
2
1
0
0
0
1
0
0
1
0
0
0
0
0
0
0
0
1
0
0
0
2
1
0
0
0
0
0
0
0
0
1
1
0
0
0
1
0
0
0
0
0
0
1
0
0
0
2
0
1
0
0
0
0
0
1
0
0
0
0
1
0
0
0
0
1
0
0
0
0
0
0
0
0
0
0
0
0
0
0
0
0
0
0
0
0
0
0
1
0
0
0
0
0
0
0
0
0
1
0
0
0
0
0
0
0
0
1
0
0
0
0
0
0
0
0
0
1
0
0
0
0
0
0
0
0
0
0
0
0
0
0
0
1
0
0
0
0
0
0
0
0
0
0
0
0
0
0
0
0
0
0
1
0
2
0
0
0
0
1
0
0
0
1
0
0
0
0
0
0
0
0
1
0
0
0
0
0
0
1
0
0
0
0
0
0
0
0
0
0
0
0
0
0
0
0
0
0
0
0
0
0
1
1
0
0
0
0
0
1
0
0
0
0
0
0
1
0
0
0
0
0
0
0
0
0
0
0
0
0
0
0
0
1
0
1
0
0
0
0
0
0
0
0
0
0
0
0
0
0
0
0
0
0
0
0
0
0
<<END>>
<<DP5 CONFIGURATION>>
RESC=?;    Reset Configuration
CLCK=20;    20MHz/80MHz
TPEA=32.000;    Peaking Time
GAIF=0.9727;    Fine Gain
GAIN=29.999;    Total Gain (Analog * Fine)
RESL=13107;    Detector Reset Lockout
TFLA=1.200;    Flat Top
TPFA=1600;    Fast Channel Peaking Time
PURE=ON;    PUR Interval On/Off
RTDE=OFF;    RTD On/Off
MCAS=NORM;    MCA Source
MCAC=8192;    MCA/MCS Channels
SOFF=OFF;    Set Spectrum Offset
AINP=NEG;    Analog Input Pos/Neg
INOF=DEF;    Input Offset
GAIA=12;    Analog Gain Index
CUSP=0;    Non-Trapezoidal Shaping
PDMD=NORM;    Peak Detect Mode (Min/Max)
THSL=4.492;    Slow Threshold
TLLD=OFF;    LLD Threshold
THFA=11.62;    Fast Threshold
DACO=OFF;    DAC Output
DACF=0;    DAC Offset
RTDS=0;    RTD Sensitivity
RTDT=0.00;    RTD Threshold
BLRM=1;    BLR Mode
BLRD=3;    BLR Down Correction
BLRU=0;    BLR Up Correction
GATE=OFF;    Gate Control
AUO1=ICR;    AUX_OUT Selection
PRET=60.0;    Preset Time
PRER=60.000;    Preset Real Time
PREC=OFF;    Preset Counts
PRCL=0;    Preset Counts Low Threshold
PRCH=0;    Preset Counts High Threshold
HVSE=180;    HV Set
TECS=225;    TEC Set
PAPS=ON;    Preamp 8.5/5 (N/A)
SCOE=RI;    Scope Trigger Edge
SCOT=87;    Scope Trigger Position
SCOG=1;    Digital Scope Gain
MCSL=0;    MCS Low Threshold
MCSH=0;    MCS High Threshold
MCST=0.00;    MCS Timebase
AUO2=ICR;    AUX_OUT2 Selection
TPMO=OFF;    Test Pulser On/Off
GPED=FA;    G.P. Counter Edge
GPIN=AUX1;    G.P. Counter Input
GPME=OFF;    G.P. Counter Uses MCA_EN?
GPGA=OFF;    G.P. Counter Uses GATE?
GPMC=OFF;    G.P. Counter Cleared With MCA Counters?
MCAE=OFF;    MCA/MCS Enable
BOOT=ON;    Turn Supplies On/Off At Power Up
<<DP5 CONFIGURATION END>>
<<DPP STATUS>>
Device Type: DP5
Serial Number: 13140
Firmware: 6.07  Build:  3
FPGA: 6.02
Fast Count: 486182
Slow Count: 210784
GP Count: 1
Accumulation Time: 53.444000
Real Time: 60.000000
Dead Time: 56.65%
HV Volt: 181V
TEC Temp: 227K
Board Temp: 40°C
<<DPP STATUS END>>
