<<PMCA SPECTRUM>>
TAG - live_data
DESCRIPTION - 
GAIN - 5
THRESHOLD - 0
LIVE_MODE - 0
PRESET_TIME - 0
LIVE_TIME - 8.246355
REAL_TIME - 38.107000
START_TIME - 03/07/2018 15:45:47
SERIAL_NUMBER - 0
<<CALIBRATION>>
LABEL - keV
809.65 3.66
810.98 3.66
1816.99 8.05
2012.04 8.9
2012.55 8.9
2393.16 10.55
2393.61 10.55
2862.68 12.612
2862.87 12.612
5717.27 25.27
5718.07 25.27
6460.66 28.48
6462.08 28.48
<<ROI>>
592 1088
5559 5887
6373 6553
<<DATA>>
0
0
0
0
0
0
0
0
0
0
0
0
0
0
0
0
0
0
0
0
0
0
0
0
0
0
0
0
0
0
0
0
0
0
0
0
0
0
0
0
0
0
0
0
0
0
0
0
0
0
0
0
0
0
0
0
0
0
0
0
0
0
0
0
0
0
0
0
0
0
0
0
0
0
0
0
0
0
0
0
0
0
0
0
0
0
0
0
0
0
0
0
0
0
0
0
0
0
0
0
0
0
0
0
0
0
0
0
0
0
0
0
0
0
0
0
0
0
0
0
0
0
0
0
0
0
0
0
0
0
0
0
0
0
0
0
0
0
0
0
0
0
0
0
0
0
0
0
0
0
0
0
0
0
0
0
0
0
0
0
0
0
0
0
0
0
0
0
0
0
0
0
0
0
0
0
0
0
0
0
0
0
0
0
0
0
0
0
0
0
0
0
0
0
0
0
0
0
0
0
0
0
0
0
0
0
0
0
0
0
0
0
0
0
0
0
0
0
0
0
0
0
0
0
0
0
0
0
0
0
0
0
0
0
0
0
0
0
0
0
0
0
0
0
0
0
0
0
0
0
0
0
0
0
0
0
0
0
0
0
0
0
0
0
0
0
0
0
0
0
0
0
0
0
0
0
0
0
0
0
0
0
0
0
0
0
0
0
0
0
0
0
0
0
0
0
0
0
0
0
0
0
0
0
0
0
0
0
0
0
0
0
0
0
0
0
0
0
0
0
0
0
0
0
0
0
0
0
0
0
0
0
0
0
0
0
0
0
0
0
0
0
0
0
0
0
0
0
0
0
0
0
0
0
0
0
0
0
0
0
0
0
0
0
0
0
0
0
0
0
1
0
0
0
0
0
0
0
1
0
1
1
0
0
0
0
0
0
0
0
0
0
0
0
1
0
3
0
0
0
1
0
0
0
0
0
0
0
0
0
1
0
1
0
0
0
0
0
1
0
0
2
0
0
0
1
0
0
0
0
0
0
1
0
0
0
1
0
0
0
1
0
1
1
0
0
1
0
0
0
1
0
0
0
0
0
0
0
0
1
1
1
0
1
0
0
0
0
1
0
0
2
0
0
0
0
1
0
1
1
1
0
0
2
0
0
1
1
1
1
1
2
0
0
0
0
2
0
1
0
0
0
1
0
0
0
0
0
0
0
1
1
0
0
1
0
0
0
0
0
0
0
1
1
1
0
0
0
0
0
0
0
0
0
1
0
0
2
1
1
0
0
0
0
1
0
0
2
0
0
0
1
2
0
0
0
0
1
1
1
0
0
0
1
0
1
0
0
0
0
1
2
1
0
0
0
1
0
0
0
1
0
1
0
0
0
0
2
1
2
0
2
0
3
1
2
0
2
1
0
0
1
1
0
1
1
0
2
1
1
2
0
0
1
1
0
0
2
3
1
0
2
3
2
1
0
0
1
0
0
0
0
0
7
5
3
2
2
1
1
2
3
4
4
4
2
2
5
4
1
6
6
10
7
3
6
9
8
6
8
13
5
12
12
19
7
12
5
11
13
10
17
6
5
10
11
12
6
7
8
14
7
6
9
5
8
7
6
3
6
5
5
6
5
5
4
4
5
4
5
0
4
2
1
3
4
11
7
2
6
6
3
6
4
3
5
5
3
5
11
5
6
9
6
8
3
4
7
6
8
5
5
7
9
3
13
12
11
11
8
15
15
11
9
14
7
9
17
14
11
10
17
12
12
14
12
13
6
13
14
12
12
19
7
11
5
13
10
4
6
7
6
3
11
8
4
4
1
1
6
3
3
3
0
2
1
2
2
3
2
1
0
0
1
1
2
0
4
0
0
0
0
0
2
1
0
0
2
0
0
0
1
2
0
0
1
1
0
1
1
1
2
2
1
0
0
0
2
0
3
1
1
0
0
2
2
1
0
2
3
1
2
0
3
1
1
0
2
2
5
1
2
1
7
4
2
2
2
5
2
1
2
4
2
3
1
4
4
1
5
1
2
2
1
2
2
3
0
2
0
1
2
3
0
2
0
0
0
2
0
2
1
1
1
1
0
1
1
1
0
1
0
2
0
1
1
1
0
1
4
1
1
0
0
2
0
0
1
0
2
0
0
1
1
0
0
0
1
0
1
1
0
0
0
1
0
0
1
0
0
0
0
2
0
1
2
2
0
1
1
0
1
0
0
0
0
3
0
1
0
0
1
1
1
0
1
0
2
0
1
1
0
2
2
2
3
0
2
3
1
1
1
0
2
0
2
1
3
4
1
1
0
0
0
0
2
2
1
1
1
0
1
3
0
0
3
0
1
0
2
0
0
0
2
1
0
0
3
3
2
3
1
1
2
0
0
0
1
1
1
3
0
0
0
0
1
1
1
1
0
1
0
0
1
1
1
1
2
2
0
1
1
1
0
0
0
1
1
0
1
0
2
2
0
0
3
0
0
0
0
0
0
0
0
1
1
1
1
0
4
0
0
0
1
2
1
0
2
0
1
0
0
0
0
1
0
0
2
1
0
1
0
1
1
4
0
1
1
1
1
2
0
0
0
1
0
0
0
3
2
2
0
2
4
1
1
2
0
3
2
1
2
5
0
1
1
0
3
2
3
1
0
0
0
0
1
1
0
2
0
0
0
0
1
0
2
0
0
1
3
3
1
0
1
0
0
5
3
1
1
1
1
0
1
2
1
3
2
2
1
2
1
3
2
1
2
3
4
4
0
1
2
2
4
4
3
4
4
5
6
7
7
8
5
5
4
7
10
7
7
5
10
8
9
7
11
6
9
13
11
6
5
10
7
14
4
6
7
10
5
11
4
2
6
7
8
3
5
4
5
2
9
3
5
6
3
3
2
4
0
0
6
1
1
2
1
1
1
3
0
2
1
1
0
1
5
1
2
3
2
2
0
2
2
4
1
1
0
2
2
3
4
0
1
0
0
1
2
1
0
4
1
1
1
1
6
2
0
1
0
2
1
0
0
1
1
0
1
0
1
2
3
1
0
3
3
0
2
0
0
1
1
1
1
1
0
2
2
4
0
2
6
0
0
0
2
0
0
1
2
0
2
0
1
2
0
3
1
1
2
0
4
1
3
1
1
2
1
2
3
2
1
2
2
3
0
1
1
2
1
4
4
1
2
2
2
4
1
3
1
4
3
0
2
1
7
0
2
6
7
4
5
1
7
2
7
3
7
7
9
7
8
4
9
5
15
11
10
7
10
7
11
14
11
11
15
15
17
10
6
16
11
18
12
13
22
13
18
11
14
15
18
13
17
15
9
17
16
18
18
10
11
16
14
15
14
11
10
9
8
7
10
13
7
7
12
5
7
8
10
3
5
10
11
6
4
8
9
9
7
4
4
3
3
6
4
6
7
11
3
4
1
6
4
5
5
7
6
3
3
3
4
2
4
6
7
4
5
8
6
1
4
1
3
4
1
7
7
3
6
8
6
4
7
3
5
5
5
2
5
1
4
5
3
4
4
5
2
1
4
1
1
6
4
4
4
2
0
5
1
5
4
2
1
5
1
3
2
2
1
0
4
4
2
3
4
2
0
3
1
3
4
1
4
2
5
1
2
4
3
3
3
3
1
2
1
6
3
2
3
4
1
4
4
1
0
1
5
2
3
3
1
2
2
2
3
1
3
4
2
4
1
2
3
2
4
0
7
3
3
6
2
4
2
4
1
3
1
3
6
2
1
2
5
4
4
1
3
3
3
4
4
3
3
5
4
1
1
2
3
6
1
3
2
2
2
0
3
1
3
2
1
5
1
1
2
3
3
1
1
2
4
2
1
3
2
2
4
2
6
2
3
5
3
6
5
2
1
3
6
3
4
6
6
2
4
2
5
7
3
5
8
7
3
5
2
9
6
3
5
4
8
5
7
6
8
7
3
7
3
4
5
8
8
7
5
7
6
4
8
8
9
8
6
4
12
8
10
7
8
8
12
14
15
8
11
8
12
10
6
4
7
10
10
10
10
11
11
16
16
18
14
15
13
16
20
19
23
31
32
48
39
54
46
60
48
75
87
79
105
125
118
130
185
176
190
231
277
279
287
351
395
443
468
534
619
656
756
724
864
899
1026
1114
1118
1332
1253
1526
1465
1694
1767
1728
1989
1914
2143
2061
2264
2263
2430
2549
2469
2684
2588
2764
2681
2843
2683
2816
2889
2788
2835
2611
2754
2675
2677
2636
2501
2535
2371
2362
2196
2167
2048
2010
1860
1686
1708
1575
1517
1368
1375
1216
1190
1082
878
948
828
755
648
645
623
498
460
402
377
362
307
269
287
206
177
158
156
129
120
116
90
86
73
61
58
59
39
32
38
35
32
27
24
18
15
21
14
17
19
15
19
6
16
16
8
16
12
8
11
12
14
8
11
7
7
17
14
10
7
9
12
14
9
8
13
7
9
10
10
11
10
6
10
14
10
14
15
4
16
12
9
13
7
10
12
11
11
11
8
18
16
13
13
16
13
10
6
10
11
14
9
18
6
11
12
8
10
13
22
14
21
22
28
33
15
28
27
27
38
26
36
39
31
34
52
40
58
60
61
61
94
82
85
117
98
103
101
117
142
120
163
151
189
185
200
223
243
263
237
304
284
302
280
349
320
384
341
352
379
338
437
420
425
440
442
465
399
419
437
430
406
457
407
406
417
370
403
377
329
375
335
359
328
307
262
294
274
277
256
213
233
192
163
157
141
158
128
117
94
88
90
92
85
93
52
51
73
47
37
42
29
31
27
18
15
24
14
9
12
8
11
9
6
6
7
3
1
6
2
4
2
2
2
0
0
0
3
0
0
2
3
0
0
0
1
2
0
2
0
0
0
1
0
0
0
0
2
0
1
1
1
0
0
1
1
1
3
0
1
0
0
1
1
2
0
1
1
1
1
1
2
0
0
1
0
0
1
1
0
2
0
0
0
0
2
1
0
0
1
0
2
0
2
1
2
0
0
0
1
1
1
0
0
0
1
0
0
0
2
0
0
2
2
2
0
0
1
0
0
0
0
0
1
1
0
1
1
1
0
0
0
1
0
2
1
0
0
0
2
1
1
2
0
0
1
0
0
0
1
0
1
0
0
0
1
0
1
0
1
2
1
1
0
0
0
3
0
0
0
0
3
0
0
0
2
1
0
1
1
0
1
5
1
1
0
1
1
1
1
1
0
1
1
0
0
1
0
0
2
1
0
1
0
0
0
1
0
0
0
0
0
0
1
0
1
0
0
1
0
1
0
0
1
1
1
0
1
0
0
1
1
0
0
0
0
0
1
2
0
0
1
0
0
0
0
1
0
0
0
2
0
0
0
1
1
3
1
0
0
0
1
1
0
0
0
0
0
0
1
0
0
2
3
2
0
0
0
0
0
0
0
0
0
1
1
1
0
0
0
1
1
0
2
0
0
0
1
0
0
0
0
2
0
1
0
0
0
0
0
1
0
0
3
1
0
0
0
1
2
2
0
0
0
1
0
0
0
0
0
1
1
2
2
0
1
1
0
0
1
0
1
1
1
0
2
1
0
0
0
0
1
1
0
0
0
2
1
0
0
0
0
0
0
0
0
0
1
0
1
1
1
1
0
0
0
0
0
0
0
2
0
0
0
1
1
0
0
1
1
0
0
3
1
1
0
0
2
1
0
0
0
2
3
2
2
0
0
0
0
2
2
1
0
0
0
1
1
1
2
4
2
0
1
1
2
2
1
1
0
2
1
2
2
0
0
2
0
0
1
1
1
1
0
2
1
2
3
0
0
1
0
2
0
0
0
3
1
0
2
0
0
2
2
1
2
0
1
0
0
0
1
0
0
1
0
0
0
1
3
1
2
1
1
2
1
3
0
4
0
1
1
2
1
1
1
1
1
2
1
3
0
0
0
2
0
0
3
3
0
4
1
1
0
1
3
0
3
1
3
1
1
1
1
2
1
0
1
0
1
1
0
0
2
5
1
1
2
2
3
1
0
0
1
0
0
0
2
2
1
0
3
2
0
3
0
0
0
1
0
1
0
2
4
1
0
1
0
0
0
2
0
0
3
1
0
1
1
0
1
1
1
0
1
0
0
0
2
1
0
0
0
0
1
0
2
0
0
0
2
1
0
2
0
2
0
0
2
0
0
1
0
1
2
1
0
0
1
2
0
1
3
0
1
0
0
0
1
2
1
2
0
1
0
1
0
0
1
1
0
0
0
2
0
2
2
0
1
0
0
0
0
1
3
2
0
0
1
0
0
2
1
1
0
1
0
1
1
1
0
1
0
1
1
0
0
0
0
2
0
0
1
0
0
1
0
2
0
0
0
0
0
1
0
1
0
0
0
1
0
0
0
0
0
2
0
0
0
1
2
0
0
0
0
0
1
0
0
0
1
0
2
0
1
2
0
0
0
0
1
1
1
0
0
0
0
0
1
1
0
1
2
0
1
1
0
0
1
0
1
1
1
0
0
1
0
0
1
2
0
0
1
0
3
0
0
0
0
0
1
0
2
1
0
0
2
1
0
2
0
1
1
2
1
0
0
0
0
1
1
0
0
2
0
2
0
2
0
0
1
1
1
1
2
3
1
1
1
0
1
0
2
0
0
2
0
0
3
0
0
1
0
2
2
1
0
1
0
0
0
0
0
1
2
0
3
0
0
0
0
0
0
0
0
0
2
3
0
0
1
0
1
1
1
0
0
1
0
1
1
0
0
0
1
0
0
0
0
0
3
0
1
1
0
1
0
0
0
1
0
0
0
0
0
0
0
0
0
1
1
0
2
0
1
0
0
0
0
0
2
0
0
0
0
1
0
0
0
1
1
1
0
2
1
0
0
1
1
0
0
2
0
0
1
0
1
0
0
1
0
0
1
1
0
0
0
0
0
1
0
0
1
0
0
0
0
1
0
1
0
1
0
0
0
0
2
0
2
1
2
0
2
2
1
2
2
1
2
1
0
0
1
1
2
1
0
0
0
0
3
0
0
0
1
1
0
0
0
1
1
1
1
0
1
0
1
1
0
1
2
1
0
0
0
0
2
5
0
2
1
0
2
1
0
0
1
3
1
1
0
0
0
1
0
0
1
1
0
0
0
0
0
0
0
0
2
1
0
1
1
2
2
1
1
1
1
0
1
1
1
1
1
1
0
0
1
0
0
0
1
1
1
1
1
0
0
2
2
0
2
0
0
0
2
1
0
0
2
0
0
0
0
0
0
0
1
1
0
1
1
0
0
0
0
0
0
0
0
0
1
1
1
0
0
0
0
0
0
1
0
1
0
0
3
0
0
1
1
1
1
0
0
2
1
3
0
2
0
0
0
0
0
0
2
0
1
0
0
1
0
1
0
1
1
2
1
0
0
1
0
0
1
1
1
1
0
1
0
0
2
0
0
1
0
0
0
0
1
2
1
0
2
0
1
1
0
2
1
2
1
0
1
0
2
2
0
3
2
1
1
0
3
2
2
1
1
1
2
1
2
0
1
0
3
2
3
1
0
3
2
3
3
1
1
1
1
0
4
1
2
1
2
1
0
0
0
1
1
2
0
0
2
1
0
2
0
1
0
0
0
2
1
2
1
2
0
2
0
2
0
3
0
3
3
0
1
0
0
1
0
2
1
0
0
0
1
1
2
2
0
0
0
0
0
0
1
1
0
0
0
0
2
0
2
0
0
0
0
1
0
2
0
1
1
0
1
0
2
0
1
0
0
1
0
1
0
1
0
1
2
1
2
1
1
2
1
1
1
1
2
1
1
2
0
1
0
1
1
1
0
0
1
0
0
1
0
0
1
0
3
0
0
0
1
3
2
0
0
1
0
0
0
0
0
1
1
0
0
0
2
0
0
0
1
1
1
4
0
0
0
1
0
1
3
0
0
1
1
2
1
0
0
1
1
1
2
0
1
1
0
2
2
3
0
0
3
3
0
0
2
0
0
3
1
2
0
0
0
0
2
2
0
0
0
0
0
1
2
1
1
0
2
0
0
1
1
0
1
0
1
1
1
1
1
0
1
1
0
2
2
0
1
1
1
0
2
0
0
1
0
1
0
0
3
0
0
2
0
2
0
2
1
1
1
1
1
0
1
0
0
3
0
0
2
1
0
0
0
1
0
0
1
0
0
1
2
2
1
1
1
0
2
1
3
1
0
1
3
0
2
1
2
0
1
0
0
1
3
1
2
1
1
2
0
1
0
0
2
1
1
3
0
1
2
0
1
2
3
4
5
2
4
8
5
5
4
8
8
6
7
14
9
8
9
12
15
13
10
14
14
19
17
18
21
27
18
25
15
27
30
32
31
37
26
25
44
38
37
36
35
51
50
59
41
59
39
56
45
51
55
67
47
72
53
48
38
62
62
62
63
43
51
62
53
63
62
59
59
51
60
48
43
45
48
61
48
41
32
32
29
25
39
38
37
31
17
32
22
16
27
21
19
20
8
18
19
10
11
7
16
13
12
8
10
7
8
9
7
3
7
6
3
7
5
3
3
3
3
3
1
3
1
2
2
3
3
2
0
3
1
0
3
0
1
2
1
3
0
1
0
0
1
1
2
2
1
0
0
1
0
0
2
0
0
0
1
1
1
3
0
1
2
2
1
1
0
5
2
1
1
3
1
1
1
0
1
0
1
0
0
1
0
2
1
4
3
1
3
1
0
3
4
4
1
6
5
0
3
0
1
1
3
3
3
1
5
4
1
3
1
3
4
5
1
7
10
4
13
11
5
4
8
7
15
8
14
8
9
14
13
16
14
7
21
10
18
8
16
14
16
24
7
23
9
16
23
22
11
12
16
13
19
14
23
18
18
28
17
14
20
16
22
25
18
15
12
22
10
20
15
10
12
9
11
13
16
11
9
6
7
4
10
5
14
9
5
5
8
5
6
6
6
7
5
3
2
1
2
4
1
4
3
3
0
1
3
1
1
4
1
2
1
1
0
1
5
0
0
0
0
2
1
0
0
2
1
1
1
2
0
0
1
0
0
2
1
1
0
1
1
0
1
1
0
2
1
0
0
0
0
1
1
0
0
0
1
0
1
1
0
0
0
0
0
1
0
1
1
0
1
1
0
1
0
1
0
0
2
0
3
0
0
2
0
0
0
0
0
1
1
1
0
0
0
0
0
0
0
1
0
1
3
1
0
1
0
0
0
1
0
2
0
3
0
2
0
1
1
0
0
0
1
2
0
0
6
3
1
3
1
2
0
2
2
3
0
2
2
4
1
4
4
2
3
0
0
2
2
3
0
1
1
0
0
1
1
1
1
2
0
0
1
0
2
2
3
0
1
0
2
1
1
1
2
1
4
2
0
1
0
0
0
0
0
0
2
0
2
0
0
0
1
1
0
0
0
0
0
2
0
1
0
0
0
0
0
2
2
1
1
0
0
0
0
0
0
0
1
0
0
0
0
0
2
1
0
0
1
0
0
0
0
2
0
2
1
1
2
0
1
0
0
0
0
1
0
0
0
2
0
0
0
0
1
3
1
0
1
1
0
0
1
0
0
0
0
0
0
1
0
0
1
2
0
0
0
1
0
0
0
0
0
0
0
2
2
0
0
0
1
0
0
0
0
1
0
0
1
1
0
1
1
1
1
0
1
0
1
0
0
0
0
1
0
0
0
1
1
0
0
1
2
0
0
0
1
1
1
1
0
1
2
1
1
1
1
2
0
1
0
1
0
1
1
0
1
0
3
0
0
0
0
1
2
0
0
1
0
0
0
2
2
0
2
0
0
1
1
0
2
0
0
0
2
1
0
0
0
0
3
0
0
0
0
2
3
0
0
1
1
0
0
0
0
0
0
1
0
0
0
1
0
1
0
1
1
0
0
0
1
2
0
0
0
0
1
0
1
0
0
0
0
1
1
0
0
0
0
0
0
2
1
0
2
1
0
1
1
0
2
0
0
1
0
1
0
0
0
0
1
0
1
2
0
0
0
0
2
0
1
0
0
1
1
1
2
2
0
0
0
1
1
0
0
0
2
0
0
1
0
2
0
0
0
1
0
0
0
0
0
0
0
0
1
0
1
0
0
0
0
0
0
0
0
3
1
2
0
1
0
1
1
2
0
1
0
0
0
0
2
1
1
0
0
0
0
0
1
1
0
1
0
1
0
0
0
1
0
0
0
0
0
0
2
0
0
0
0
0
0
1
0
0
0
2
2
2
1
1
0
1
1
1
0
0
1
1
0
3
1
0
0
0
1
1
1
0
0
1
0
1
1
0
0
0
2
0
0
1
1
0
1
1
0
2
0
0
1
0
0
2
1
0
0
0
0
0
2
1
0
0
1
0
0
0
1
0
1
0
1
0
0
1
1
0
1
0
0
1
0
0
0
1
2
0
2
0
1
0
1
0
0
0
0
0
0
0
2
0
0
0
2
1
0
0
1
0
2
1
1
0
0
0
0
2
0
1
1
0
1
1
1
0
0
2
0
2
0
0
0
0
2
0
0
0
0
1
1
1
2
2
1
0
0
2
0
0
1
1
0
0
0
1
1
1
2
1
0
0
1
1
1
1
2
0
0
0
0
0
1
0
1
1
2
0
0
0
0
0
0
0
0
0
0
1
3
0
1
2
0
0
1
2
0
0
2
0
2
0
2
0
0
1
2
0
1
0
1
0
0
0
1
0
1
3
0
0
0
1
0
0
1
0
2
0
0
2
1
1
2
1
0
1
0
1
0
0
0
1
1
1
1
0
1
0
3
1
1
2
0
0
1
0
2
1
0
1
0
0
0
0
0
2
2
0
1
0
0
1
2
1
1
1
1
1
0
1
0
0
0
0
0
0
0
1
0
1
0
1
0
1
0
1
1
3
1
0
2
2
1
1
1
0
1
0
0
1
0
0
0
2
1
0
1
1
0
0
0
3
0
1
0
0
0
0
1
0
1
1
2
3
0
3
0
0
1
1
1
0
2
2
0
1
1
1
0
1
1
0
0
2
2
1
1
1
0
0
0
3
0
1
0
0
1
1
3
0
0
1
0
0
1
0
0
0
0
0
0
0
0
0
0
0
0
0
1
1
1
0
0
0
0
1
0
1
1
1
3
0
0
0
0
0
0
1
1
0
1
1
1
3
0
2
0
0
1
0
1
0
0
0
0
1
1
2
1
1
0
0
1
0
0
0
2
0
1
2
1
0
1
1
0
1
0
0
0
0
0
1
1
0
0
1
0
0
0
0
0
1
0
0
0
2
0
2
0
0
1
0
0
0
0
1
1
1
1
0
2
0
1
1
2
2
0
0
0
0
0
1
1
1
0
1
0
1
0
2
2
0
0
0
0
1
1
0
1
1
0
4
0
0
1
1
0
1
3
1
1
1
1
0
0
1
1
0
0
0
1
1
1
1
0
1
0
3
1
2
0
0
2
1
3
1
2
0
0
3
4
1
0
1
0
3
3
1
1
2
1
2
0
2
1
0
1
1
3
1
4
3
4
3
2
0
3
0
1
3
1
5
3
4
1
1
4
1
3
0
5
0
2
3
1
1
2
1
4
4
1
4
2
0
2
3
1
1
1
0
0
0
0
3
0
0
1
0
1
1
0
0
0
0
0
1
0
0
1
0
1
1
0
1
1
0
0
0
0
3
1
0
0
0
0
0
0
1
3
0
1
0
0
0
1
0
0
0
0
0
0
0
0
0
1
0
0
1
2
1
1
0
0
1
0
1
0
0
0
0
0
0
0
0
0
0
0
0
0
0
0
1
2
0
1
0
1
0
0
0
0
0
0
1
1
2
0
0
1
0
0
0
1
0
0
0
0
0
1
0
1
0
1
1
2
0
1
0
0
0
0
0
0
0
0
0
0
1
0
0
0
0
2
0
0
0
1
0
0
0
1
2
1
0
3
0
1
1
1
0
0
1
0
0
1
0
0
0
0
0
0
0
1
0
0
0
1
2
0
1
0
2
1
1
1
0
0
0
0
0
0
0
0
0
0
1
0
0
4
0
0
0
1
0
0
0
1
0
0
0
0
0
0
0
0
0
0
0
0
0
0
1
0
0
0
1
0
0
1
0
1
0
0
0
0
0
1
0
1
0
2
0
0
0
0
0
0
1
0
0
0
0
1
0
0
0
1
0
0
1
1
0
0
1
0
0
0
0
0
2
0
1
0
0
0
1
1
0
0
0
0
0
0
0
0
1
0
0
1
1
0
1
0
0
0
0
0
0
0
0
0
1
0
0
1
0
0
0
1
0
0
0
0
0
2
1
0
0
0
0
0
0
0
1
0
0
0
1
0
1
0
0
0
0
0
2
1
0
0
1
1
0
0
0
0
0
0
1
0
0
1
0
0
1
0
1
0
0
0
0
0
1
0
1
0
0
0
1
1
0
3
0
1
1
0
1
0
0
0
0
2
0
0
1
1
1
1
2
0
0
1
1
1
1
0
0
1
1
0
3
0
2
0
1
3
1
0
0
2
1
0
2
0
2
1
1
1
2
2
0
1
1
0
1
0
1
1
1
1
1
2
1
0
0
0
2
0
0
1
0
3
1
0
2
0
2
0
0
1
1
2
2
2
0
0
0
0
1
1
2
0
0
0
2
0
1
0
1
1
1
1
1
2
1
0
1
2
1
1
2
0
0
0
1
2
0
1
0
0
1
0
0
0
0
1
0
1
0
0
0
1
1
1
2
1
0
0
0
0
1
0
0
0
1
0
0
0
1
0
0
0
0
1
0
1
0
0
1
0
0
0
1
0
0
0
0
0
0
0
1
0
0
1
0
0
0
0
0
1
0
0
1
0
1
0
1
0
1
0
2
0
1
0
0
1
0
0
1
0
0
0
0
0
0
0
0
1
0
1
1
0
0
0
0
2
0
2
0
2
0
1
0
1
0
0
0
1
2
3
1
1
1
0
0
0
0
0
0
0
0
1
0
1
0
0
0
0
3
0
1
0
3
0
0
1
1
2
1
2
1
1
1
0
2
2
1
2
0
1
0
0
0
1
1
0
0
0
0
1
1
1
0
2
1
1
1
0
1
2
1
0
1
0
2
1
0
0
0
0
1
0
0
0
2
2
1
0
0
0
1
0
1
0
2
1
1
0
2
1
1
2
0
0
1
0
0
0
0
0
0
1
0
0
0
0
0
0
1
1
2
1
0
0
1
0
0
2
0
0
0
0
0
0
0
0
0
0
1
0
2
0
1
0
0
0
0
0
1
0
0
1
0
0
0
0
1
0
0
0
1
0
1
0
0
0
0
1
0
1
0
1
1
0
0
1
1
1
0
0
0
0
1
0
0
0
0
0
1
0
0
1
0
0
1
1
0
1
1
0
0
2
1
0
0
0
0
0
0
0
0
0
0
0
0
0
2
0
0
0
0
0
0
0
0
0
1
0
1
0
0
0
0
0
1
0
1
0
0
1
0
1
0
0
0
2
0
1
0
1
1
0
0
0
0
1
0
0
2
0
1
0
0
0
0
2
0
0
0
2
0
1
0
0
0
0
0
0
0
0
1
0
0
0
2
0
0
0
0
0
0
1
0
0
1
0
0
0
2
0
0
1
0
0
0
0
1
1
0
0
1
0
0
2
0
0
0
0
0
1
0
0
0
0
0
0
0
0
0
1
0
0
0
0
0
0
0
1
0
0
0
0
0
0
0
0
0
0
0
0
0
0
0
0
0
0
1
0
2
0
0
0
0
1
1
0
0
0
0
2
0
0
1
0
0
0
0
0
0
0
0
0
1
0
0
0
0
0
0
1
0
0
0
0
0
0
0
1
1
1
1
0
0
1
0
0
0
1
1
2
0
0
0
0
0
0
0
0
0
2
0
0
0
0
0
0
1
1
1
0
0
0
0
0
0
0
0
0
0
0
0
1
0
0
0
0
1
0
0
1
0
0
0
0
0
0
0
0
0
0
0
0
0
1
0
0
0
0
0
0
0
0
1
0
1
0
0
0
0
0
0
0
0
0
0
0
0
0
0
1
1
1
0
0
0
1
0
0
0
0
0
0
0
0
0
1
1
0
0
0
0
0
1
0
0
0
1
0
2
0
0
0
0
1
0
1
0
0
0
0
1
0
0
0
0
0
1
1
0
0
0
0
1
2
0
1
0
1
3
0
0
0
0
0
0
1
0
0
0
0
0
0
0
1
1
0
0
0
0
1
0
0
0
0
0
0
0
1
0
0
0
0
0
0
0
2
0
0
0
0
0
0
0
0
0
0
0
0
1
0
0
0
1
0
0
0
0
0
2
0
0
0
1
0
0
1
0
0
0
1
0
0
0
0
0
0
0
0
0
0
1
0
0
0
0
0
0
0
0
0
1
0
0
0
0
0
0
0
1
1
0
0
0
0
0
0
0
0
1
0
0
0
0
0
0
0
0
0
0
0
0
0
1
0
0
0
0
0
0
0
0
0
0
1
0
1
0
0
0
0
0
0
1
0
1
0
0
0
1
1
0
0
0
0
0
0
1
0
0
1
0
0
0
0
0
0
0
0
0
0
1
0
0
0
0
1
0
1
1
0
0
0
0
0
0
1
0
0
1
0
0
1
1
0
1
0
0
0
0
0
0
3
0
0
0
0
0
0
1
0
0
0
1
0
0
1
0
0
1
0
0
0
0
1
0
0
0
0
0
1
1
0
0
0
0
0
1
0
0
0
1
0
1
0
0
0
0
0
0
0
0
0
1
0
0
0
0
1
0
0
0
0
1
0
0
0
0
0
0
0
0
0
0
0
0
0
0
0
0
0
0
0
0
0
0
0
0
1
1
0
0
0
1
1
0
1
0
0
0
0
0
0
0
0
1
0
0
0
0
1
1
0
1
0
0
0
1
0
1
0
0
2
0
1
0
0
1
1
0
0
1
0
0
0
0
2
0
0
0
1
0
1
0
0
0
0
0
0
0
0
0
0
0
1
0
0
0
1
0
0
0
0
0
0
1
1
0
0
0
1
0
1
0
2
0
0
0
0
0
0
1
1
0
0
0
0
0
0
0
0
0
0
0
0
0
1
0
1
1
0
0
0
0
0
1
2
0
0
0
0
0
0
0
0
1
0
0
0
0
1
1
1
0
0
1
1
0
0
1
0
0
0
0
0
0
0
0
0
0
0
0
0
0
0
1
0
0
0
0
0
2
0
1
1
1
0
1
0
0
0
0
0
0
0
0
0
0
0
0
0
0
1
0
0
0
1
0
0
0
0
0
1
0
0
0
0
0
0
0
1
0
0
0
0
0
0
1
0
0
0
0
0
0
0
1
0
0
0
0
0
0
0
0
0
0
0
0
0
0
0
0
1
0
0
0
0
0
0
1
0
1
0
0
1
0
2
0
0
0
0
0
0
0
0
1
0
0
1
0
0
1
0
0
0
1
0
0
0
0
0
0
0
0
0
0
0
0
0
0
0
1
1
0
0
0
0
0
0
0
0
1
2
1
0
0
0
0
1
0
0
0
0
0
0
0
0
0
0
0
0
1
1
1
0
0
0
1
0
0
1
0
0
1
0
1
0
0
0
0
1
0
0
0
1
0
0
0
1
0
0
0
0
0
0
0
1
0
0
0
0
0
0
0
0
1
0
0
0
0
0
0
1
0
1
0
2
0
0
0
0
0
0
0
0
0
0
0
1
0
0
0
0
0
0
0
0
0
0
0
0
0
0
0
0
0
0
1
0
0
1
0
0
0
0
0
1
0
0
0
0
1
0
1
1
0
0
0
0
0
0
0
0
0
0
1
0
0
0
0
0
0
0
1
0
0
0
0
0
0
0
1
1
0
0
0
0
0
1
0
0
2
0
0
0
0
0
0
0
0
1
0
0
0
0
1
0
1
0
0
0
0
0
0
1
0
0
0
0
0
0
0
0
0
0
0
0
1
1
1
0
0
0
1
0
1
0
0
0
1
0
0
0
1
1
0
0
0
0
0
0
0
0
1
0
0
0
0
1
0
0
1
0
0
0
0
0
1
0
0
0
1
0
0
1
1
0
0
0
0
0
1
0
0
0
0
0
0
0
0
0
0
0
0
0
1
1
0
0
0
0
0
0
0
0
1
0
0
0
0
0
0
0
0
0
2
0
0
0
0
0
0
0
0
1
0
0
1
0
0
0
1
0
0
0
0
0
0
1
2
0
0
0
0
0
0
0
0
0
0
0
0
0
0
0
1
0
0
0
0
0
0
0
0
0
0
1
0
0
0
0
0
1
0
0
1
0
0
0
0
0
1
1
0
0
0
0
0
0
0
1
1
0
0
0
0
0
0
0
0
0
0
0
0
0
0
0
0
0
0
0
0
0
1
0
0
0
0
0
0
0
0
0
0
0
0
0
0
0
0
0
0
0
0
0
0
0
0
1
0
0
0
0
1
0
1
0
0
0
0
0
0
0
0
0
0
0
1
0
0
0
0
0
0
0
0
0
0
0
0
0
0
1
0
1
0
0
0
0
0
1
1
0
1
0
0
0
0
0
0
0
0
0
0
0
0
0
0
2
0
0
0
1
0
0
0
1
0
0
0
0
0
1
0
0
0
0
0
0
0
0
0
0
0
0
0
0
0
0
1
0
0
0
0
0
0
0
0
0
0
0
0
0
0
0
0
0
0
0
0
0
0
0
0
1
1
0
0
2
0
0
0
0
0
1
0
0
0
1
1
0
0
0
1
0
0
0
0
0
0
0
0
1
0
0
0
0
0
0
0
0
0
0
0
1
0
0
1
0
0
0
0
0
0
0
0
0
0
0
0
0
1
0
1
0
0
0
0
0
0
1
0
0
0
0
0
0
0
0
0
0
1
0
0
0
1
1
0
0
0
0
1
0
0
0
0
0
0
0
0
0
0
0
0
0
0
0
0
0
0
0
0
0
1
0
0
0
1
0
0
0
0
0
0
0
0
0
1
0
0
0
0
0
0
0
0
0
0
0
0
0
0
0
0
0
0
0
0
1
0
0
0
0
0
1
0
0
0
0
0
0
0
0
0
0
1
1
0
0
0
0
0
0
0
0
0
0
1
1
0
0
0
0
0
0
1
0
0
0
0
0
0
0
0
1
0
0
0
1
1
0
0
0
1
0
0
1
0
0
0
0
0
0
0
0
1
0
0
0
0
1
0
0
0
0
0
0
0
0
0
0
0
0
0
0
0
0
0
0
0
0
0
0
0
0
1
0
0
0
1
0
1
1
0
0
0
2
0
0
0
0
0
0
0
0
0
0
0
0
1
0
0
1
0
0
1
0
0
0
0
0
0
0
0
0
0
1
0
0
0
0
0
0
1
1
0
0
0
0
0
0
0
0
0
1
0
0
0
0
1
0
0
0
0
2
0
0
0
0
0
0
0
0
0
0
0
0
0
0
0
0
0
0
0
0
0
0
0
0
0
0
0
0
0
0
0
0
0
0
0
0
0
0
0
0
0
1
0
1
0
0
0
0
0
0
0
0
0
1
0
0
1
0
0
0
0
0
0
0
0
0
0
0
0
0
0
0
0
0
0
0
0
0
1
0
0
0
0
0
0
0
0
0
0
0
0
0
0
0
0
0
1
0
0
1
0
0
0
0
0
0
0
0
1
0
0
0
0
0
0
1
0
0
1
1
0
0
0
1
0
0
0
0
0
0
0
1
0
0
1
0
0
0
0
0
0
0
0
0
0
0
1
0
0
0
0
0
0
0
0
0
0
0
0
0
0
0
0
0
0
0
0
0
0
0
0
1
0
1
0
0
0
0
0
0
0
0
0
0
0
0
0
0
0
0
0
1
0
0
0
0
0
1
0
0
0
0
0
0
0
0
0
0
1
0
0
0
0
0
0
0
0
0
0
0
0
1
0
1
0
0
0
0
0
0
0
0
0
0
0
0
0
0
0
0
0
0
0
0
0
0
0
0
0
0
0
0
0
0
0
0
0
0
0
0
0
0
0
0
0
0
0
0
0
0
0
0
0
0
0
0
0
0
0
0
1
0
1
0
0
0
0
0
0
0
0
0
0
0
0
0
0
0
0
0
0
0
0
0
0
1
0
0
0
0
1
0
0
0
0
0
0
0
0
0
0
0
0
0
0
1
0
0
0
0
1
0
0
0
0
0
0
0
0
0
0
0
0
0
0
0
0
0
0
0
0
0
1
0
0
0
0
0
0
0
1
0
0
0
1
0
0
1
0
0
0
0
1
0
0
0
0
0
0
0
0
0
0
0
0
0
0
0
0
0
0
0
0
0
0
0
0
0
0
0
0
0
0
0
0
0
1
0
0
0
0
0
0
0
0
0
0
0
0
0
0
0
0
0
0
0
0
0
0
0
0
0
0
0
0
0
0
0
0
0
0
0
0
0
0
0
0
0
0
0
0
0
0
0
0
0
0
0
0
0
0
0
0
0
0
0
0
0
0
0
0
0
0
0
0
0
0
0
0
0
0
0
0
0
0
0
0
0
0
0
0
0
0
0
0
0
0
0
0
0
0
0
0
0
1
0
0
0
0
0
0
0
0
0
0
0
0
0
1
0
0
0
0
0
0
1
0
0
0
0
0
0
0
0
0
0
0
0
0
0
0
0
0
0
0
0
0
0
0
0
0
0
0
0
0
0
0
0
1
0
0
0
0
0
0
0
0
0
0
0
0
0
0
0
0
0
0
0
0
1
0
0
0
0
0
0
0
0
0
0
0
0
0
0
0
0
1
0
0
0
0
0
0
0
0
0
0
0
<<END>>
<<DP5 CONFIGURATION>>
RESC=?;    Reset Configuration
CLCK=20;    20MHz/80MHz
TPEA=32.000;    Peaking Time
GAIF=0.9727;    Fine Gain
GAIN=29.999;    Total Gain (Analog * Fine)
RESL=13107;    Detector Reset Lockout
TFLA=1.200;    Flat Top
TPFA=1600;    Fast Channel Peaking Time
PURE=ON;    PUR Interval On/Off
RTDE=OFF;    RTD On/Off
MCAS=NORM;    MCA Source
MCAC=8192;    MCA/MCS Channels
SOFF=OFF;    Set Spectrum Offset
AINP=NEG;    Analog Input Pos/Neg
INOF=DEF;    Input Offset
GAIA=12;    Analog Gain Index
CUSP=0;    Non-Trapezoidal Shaping
PDMD=NORM;    Peak Detect Mode (Min/Max)
THSL=4.492;    Slow Threshold
TLLD=OFF;    LLD Threshold
THFA=11.62;    Fast Threshold
DACO=OFF;    DAC Output
DACF=0;    DAC Offset
RTDS=0;    RTD Sensitivity
RTDT=0.00;    RTD Threshold
BLRM=1;    BLR Mode
BLRD=3;    BLR Down Correction
BLRU=0;    BLR Up Correction
GATE=OFF;    Gate Control
AUO1=ICR;    AUX_OUT Selection
PRET=60.0;    Preset Time
PRER=60.000;    Preset Real Time
PREC=OFF;    Preset Counts
PRCL=0;    Preset Counts Low Threshold
PRCH=0;    Preset Counts High Threshold
HVSE=180;    HV Set
TECS=225;    TEC Set
PAPS=ON;    Preamp 8.5/5 (N/A)
SCOE=RI;    Scope Trigger Edge
SCOT=87;    Scope Trigger Position
SCOG=1;    Digital Scope Gain
MCSL=0;    MCS Low Threshold
MCSH=0;    MCS High Threshold
MCST=0.00;    MCS Timebase
AUO2=ICR;    AUX_OUT2 Selection
TPMO=OFF;    Test Pulser On/Off
GPED=FA;    G.P. Counter Edge
GPIN=AUX1;    G.P. Counter Input
GPME=OFF;    G.P. Counter Uses MCA_EN?
GPGA=OFF;    G.P. Counter Uses GATE?
GPMC=OFF;    G.P. Counter Cleared With MCA Counters?
MCAE=OFF;    MCA/MCS Enable
BOOT=ON;    Turn Supplies On/Off At Power Up
<<DP5 CONFIGURATION END>>
<<DPP STATUS>>
Device Type: DP5
Serial Number: 13140
Firmware: 6.07  Build:  3
FPGA: 6.02
Fast Count: 741879
Slow Count: 160565
GP Count: 1
Accumulation Time: 38.107000
Real Time: 60.000000
Dead Time: 78.36%
HV Volt: 181V
TEC Temp: 228K
Board Temp: 39°C
<<DPP STATUS END>>
